0	0	0.334	0.332	0.334
0	0	0.336	0.328	0.336
2	0	0.337	0.326	0.337
2	0	0.337	0.327	0.337
1	0	0.334	0.333	0.334
0	2	0.323	0.327	0.351
0	2	0.329	0.321	0.35
0	2	0.332	0.319	0.349
0	2	0.329	0.321	0.349
0	2	0.309	0.338	0.353
0	2	0.324	0.325	0.35
0	2	0.326	0.324	0.35
0	2	0.328	0.323	0.349
0	2	0.327	0.324	0.349
0	2	0.324	0.325	0.351
0	2	0.335	0.307	0.358
0	2	0.334	0.309	0.358
0	2	0.338	0.302	0.36
0	2	0.335	0.307	0.358
1	1	0.305	0.36	0.335
1	2	0.331	0.314	0.355
0	2	0.334	0.308	0.358
1	2	0.338	0.301	0.361
0	2	0.333	0.31	0.357
0	1	0.303	0.363	0.334
0	2	0.315	0.335	0.349
0	2	0.333	0.316	0.351
1	2	0.335	0.313	0.351
0	2	0.333	0.315	0.351
0	2	0.314	0.336	0.349
0	2	0.328	0.321	0.351
0	2	0.329	0.32	0.351
1	2	0.337	0.312	0.351
0	2	0.331	0.318	0.351
0	2	0.309	0.342	0.349
2	1	0.086	0.842	0.071
2	0	0.348	0.332	0.32
2	0	0.363	0.296	0.341
0	0	0.35	0.327	0.323
0	1	0.286	0.468	0.246
2	1	0.341	0.347	0.312
1	0	0.353	0.321	0.327
1	0	0.362	0.3	0.339
0	0	0.344	0.34	0.316
0	1	0.285	0.47	0.245
1	2	0.317	0.33	0.354
0	2	0.329	0.323	0.349
0	0	0.349	0.311	0.34
0	2	0.323	0.326	0.351
0	2	0.287	0.347	0.366
0	2	0.338	0.312	0.35
0	2	0.331	0.319	0.35
0	2	0.341	0.308	0.35
0	2	0.339	0.311	0.35
0	1	0.295	0.356	0.35
0	2	0.314	0.331	0.355
0	2	0.316	0.33	0.354
0	0	0.352	0.31	0.338
0	2	0.331	0.322	0.347
0	2	0.256	0.363	0.381
0	2	0.307	0.335	0.357
0	2	0.338	0.317	0.345
0	0	0.351	0.309	0.34
0	2	0.336	0.318	0.346
0	2	0.298	0.341	0.361
0	2	0.327	0.331	0.342
0	2	0.333	0.324	0.343
2	2	0.34	0.314	0.346
0	2	0.334	0.322	0.344
0	1	0.317	0.346	0.337
0	2	0.325	0.325	0.35
0	2	0.33	0.315	0.354
1	2	0.331	0.314	0.355
0	1	0.274	0.412	0.314
0	1	0.299	0.369	0.333
0	1	0.251	0.441	0.308
1	2	0.332	0.324	0.344
2	2	0.35	0.3	0.35
0	2	0.34	0.313	0.347
0	1	0.267	0.416	0.317
1	1	0.304	0.362	0.334
0	2	0.334	0.321	0.345
1	2	0.349	0.301	0.35
0	2	0.343	0.309	0.348
1	1	0.276	0.403	0.321
0	2	0.32	0.329	0.351
0	2	0.337	0.314	0.349
0	2	0.341	0.311	0.349
0	2	0.324	0.326	0.35
0	2	0.297	0.351	0.352
0	2	0.305	0.337	0.358
0	2	0.342	0.315	0.343
0	0	0.348	0.311	0.341
0	2	0.34	0.316	0.344
0	2	0.276	0.354	0.37
0	2	0.296	0.341	0.363
0	2	0.322	0.327	0.351
0	0	0.355	0.309	0.337
0	2	0.333	0.321	0.347
0	2	0.28	0.35	0.371
2	1	0.336	0.34	0.323
0	0	0.345	0.325	0.329
1	0	0.351	0.316	0.333
2	0	0.343	0.33	0.328
2	1	0.33	0.351	0.319
0	1	0.282	0.366	0.352
0	2	0.328	0.322	0.35
0	2	0.336	0.315	0.349
0	2	0.313	0.336	0.351
0	2	0.305	0.344	0.352
0	1	0.28	0.368	0.352
0	2	0.337	0.314	0.349
0	2	0.341	0.31	0.349
0	2	0.331	0.32	0.35
0	1	0.277	0.371	0.352
0	2	0.27	0.364	0.366
0	0	0.34	0.323	0.337
0	0	0.358	0.313	0.33
0	2	0.331	0.328	0.341
0	1	0.245	0.379	0.376
2	0	0.345	0.32	0.335
0	2	0.317	0.336	0.347
0	0	0.36	0.312	0.329
0	2	0.336	0.325	0.339
0	2	0.27	0.364	0.366
0	1	0.26	0.388	0.352
0	2	0.335	0.316	0.349
0	2	0.34	0.311	0.349
0	2	0.326	0.324	0.35
0	1	0.273	0.375	0.352
0	2	0.326	0.334	0.34
0	2	0.338	0.313	0.349
0	2	0.351	0.289	0.36
0	2	0.336	0.316	0.348
1	1	0.296	0.39	0.314
2	2	0.328	0.33	0.342
1	2	0.339	0.31	0.351
1	2	0.348	0.294	0.358
0	2	0.325	0.336	0.339
0	1	0.287	0.407	0.306
0	2	0.313	0.337	0.35
0	2	0.333	0.317	0.35
0	2	0.34	0.31	0.35
0	2	0.318	0.332	0.35
0	1	0.281	0.371	0.349
1	0	0.346	0.322	0.332
2	0	0.349	0.315	0.336
1	0	0.359	0.296	0.345
0	0	0.345	0.324	0.331
2	1	0.301	0.413	0.286
0	1	0.321	0.373	0.306
1	0	0.349	0.315	0.336
2	0	0.357	0.299	0.344
1	0	0.347	0.319	0.334
1	1	0.268	0.479	0.253
2	1	0.332	0.342	0.325
1	0	0.334	0.333	0.333
0	2	0.337	0.316	0.348
0	2	0.335	0.324	0.34
2	1	0.327	0.37	0.303
0	1	0.276	0.38	0.345
0	2	0.339	0.32	0.341
2	0	0.345	0.314	0.341
0	2	0.335	0.323	0.342
0	1	0.282	0.373	0.345
0	2	0.318	0.329	0.353
0	2	0.339	0.317	0.344
0	0	0.354	0.309	0.337
0	2	0.331	0.322	0.347
0	2	0.243	0.37	0.387
0	2	0.265	0.358	0.377
0	2	0.332	0.321	0.347
0	0	0.35	0.311	0.339
0	2	0.323	0.326	0.351
0	2	0.245	0.369	0.386
1	2	0.34	0.315	0.345
0	0	0.349	0.309	0.342
0	0	0.358	0.303	0.339
0	2	0.343	0.313	0.344
0	2	0.268	0.363	0.369
1	2	0.322	0.329	0.35
0	2	0.326	0.324	0.351
1	2	0.337	0.31	0.354
0	2	0.321	0.329	0.35
0	1	0.301	0.355	0.344
1	1	0.18	0.536	0.284
0	2	0.321	0.329	0.35
0	2	0.336	0.311	0.353
0	2	0.327	0.322	0.351
0	1	0.295	0.362	0.343
0	2	0.33	0.322	0.348
0	2	0.338	0.318	0.344
0	0	0.35	0.311	0.339
0	2	0.334	0.32	0.346
0	2	0.258	0.362	0.38
1	2	0.312	0.332	0.356
0	2	0.309	0.334	0.357
0	0	0.352	0.31	0.338
0	2	0.326	0.324	0.349
0	2	0.271	0.355	0.374
0	2	0.326	0.324	0.35
0	2	0.331	0.321	0.347
0	0	0.352	0.31	0.338
0	2	0.338	0.318	0.344
0	2	0.283	0.348	0.369
0	2	0.317	0.329	0.353
0	2	0.328	0.323	0.349
0	0	0.352	0.309	0.339
0	2	0.337	0.318	0.345
0	2	0.287	0.347	0.365
0	1	0.318	0.344	0.338
1	2	0.334	0.323	0.344
2	2	0.34	0.314	0.346
0	2	0.333	0.324	0.343
1	1	0.308	0.358	0.334
0	2	0.326	0.323	0.351
0	2	0.324	0.325	0.35
0	2	0.336	0.313	0.351
0	2	0.33	0.319	0.351
0	1	0.277	0.378	0.345
1	2	0.328	0.323	0.349
0	2	0.325	0.325	0.35
0	0	0.35	0.31	0.34
0	2	0.335	0.319	0.346
0	2	0.286	0.348	0.366
0	2	0.281	0.351	0.368
0	2	0.326	0.324	0.35
0	0	0.349	0.311	0.34
0	2	0.33	0.322	0.348
0	2	0.274	0.355	0.371
1	2	0.321	0.329	0.35
0	2	0.321	0.329	0.35
0	2	0.333	0.314	0.353
0	2	0.323	0.327	0.35
0	1	0.282	0.38	0.338
0	2	0.311	0.332	0.356
0	2	0.334	0.32	0.346
0	0	0.352	0.31	0.338
0	2	0.334	0.32	0.346
0	2	0.293	0.342	0.364
0	2	0.303	0.337	0.36
0	2	0.329	0.323	0.348
1	0	0.35	0.311	0.339
0	2	0.338	0.318	0.344
0	2	0.299	0.339	0.362
0	2	0.304	0.337	0.359
0	2	0.333	0.32	0.347
0	0	0.35	0.31	0.34
0	2	0.329	0.322	0.348
0	2	0.245	0.374	0.382
0	1	0.315	0.348	0.336
2	2	0.337	0.318	0.345
1	2	0.34	0.314	0.346
0	2	0.333	0.324	0.344
0	1	0.314	0.351	0.336
0	2	0.219	0.384	0.397
0	2	0.321	0.327	0.352
0	0	0.352	0.31	0.338
0	2	0.334	0.32	0.346
0	2	0.251	0.366	0.383
1	1	0.285	0.363	0.352
0	2	0.323	0.326	0.35
0	2	0.338	0.313	0.349
0	2	0.332	0.319	0.35
1	2	0.306	0.343	0.352
0	2	0.286	0.35	0.363
0	2	0.338	0.316	0.346
1	0	0.345	0.311	0.343
0	2	0.332	0.32	0.348
1	2	0.289	0.349	0.363
0	2	0.284	0.348	0.369
0	2	0.325	0.325	0.35
0	0	0.354	0.309	0.337
0	2	0.333	0.32	0.346
0	2	0.282	0.348	0.369
0	1	0.295	0.364	0.341
0	2	0.321	0.329	0.35
1	2	0.336	0.311	0.353
0	2	0.323	0.327	0.35
0	1	0.28	0.384	0.336
0	2	0.31	0.333	0.357
0	0	0.343	0.315	0.342
0	0	0.351	0.311	0.338
0	2	0.323	0.326	0.351
0	2	0.266	0.358	0.377
0	2	0.302	0.348	0.35
0	2	0.334	0.315	0.35
0	2	0.338	0.311	0.35
0	2	0.327	0.323	0.35
0	1	0.279	0.373	0.348
0	2	0.316	0.33	0.354
0	2	0.329	0.323	0.348
0	0	0.351	0.311	0.338
0	2	0.332	0.321	0.347
0	2	0.282	0.349	0.369
0	1	0.221	0.391	0.388
0	2	0.315	0.33	0.354
0	0	0.344	0.313	0.343
0	2	0.325	0.324	0.35
1	1	0.225	0.388	0.387
0	2	0.3	0.34	0.36
0	2	0.334	0.32	0.347
1	0	0.352	0.309	0.339
0	2	0.336	0.318	0.346
0	2	0.267	0.36	0.373
0	1	0.288	0.363	0.349
0	2	0.327	0.322	0.35
0	2	0.339	0.311	0.35
0	2	0.326	0.324	0.35
0	1	0.299	0.351	0.35
0	1	0.261	0.393	0.346
0	2	0.332	0.318	0.35
0	2	0.338	0.311	0.35
0	2	0.323	0.327	0.35
0	1	0.294	0.356	0.35
1	1	0.336	0.34	0.324
2	0	0.35	0.322	0.328
2	0	0.351	0.32	0.328
0	1	0.335	0.341	0.324
2	1	0.315	0.368	0.317
0	2	0.285	0.349	0.366
0	2	0.342	0.315	0.343
0	0	0.351	0.309	0.34
0	2	0.33	0.322	0.348
0	2	0.273	0.356	0.371
0	2	0.304	0.336	0.359
0	2	0.333	0.32	0.346
0	0	0.35	0.311	0.339
0	2	0.332	0.321	0.347
0	2	0.254	0.364	0.382
0	2	0.306	0.335	0.359
0	2	0.328	0.323	0.349
1	0	0.353	0.31	0.337
0	2	0.296	0.341	0.363
0	2	0.274	0.353	0.373
0	2	0.322	0.33	0.348
0	1	0.309	0.355	0.336
0	1	0.24	0.489	0.27
0	1	0.293	0.385	0.322
0	1	0.3	0.372	0.328
0	1	0.145	0.441	0.413
0	2	0.316	0.33	0.354
0	0	0.348	0.311	0.341
0	2	0.319	0.328	0.353
1	2	0.285	0.35	0.366
0	2	0.277	0.351	0.372
1	2	0.309	0.334	0.358
0	0	0.351	0.31	0.338
0	2	0.33	0.322	0.348
0	2	0.336	0.319	0.345
0	1	0.214	0.393	0.393
0	2	0.335	0.319	0.346
1	0	0.35	0.31	0.34
0	2	0.314	0.331	0.355
0	2	0.246	0.373	0.381
0	2	0.314	0.335	0.351
0	2	0.319	0.331	0.351
0	2	0.34	0.311	0.349
0	2	0.327	0.323	0.35
0	1	0.287	0.361	0.352
1	1	0.336	0.339	0.325
2	0	0.35	0.332	0.319
2	0	0.366	0.323	0.311
0	1	0.338	0.338	0.324
2	1	0.299	0.359	0.341
0	2	0.316	0.333	0.351
0	2	0.325	0.324	0.35
1	2	0.339	0.312	0.349
0	2	0.331	0.319	0.35
1	1	0.273	0.375	0.352
