0	2	0	0.333	0.666
2	1	0.017	0.702	0.281
1	0	0.338	0.33	0.333
0	0	0.996	0.004	0
0	0	0.747	0.116	0.136
0	2	0.087	0.06	0.853
0	0	0.701	0.196	0.103
0	0	0.989	0.001	0.01
0	0	0.867	0.049	0.084
0	2	0	0.127	0.873
1	2	0.28	0.004	0.716
1	2	0.016	0.004	0.98
0	2	0.421	0.026	0.553
0	1	0.487	0.511	0.002
0	2	0.001	0.002	0.997
1	1	0.069	0.687	0.243
0	1	0.258	0.713	0.029
1	2	0	0.003	0.997
2	1	0.013	0.596	0.391
2	1	0.071	0.908	0.021
2	1	0.206	0.787	0.006
0	0	0.941	0.055	0.005
1	1	0.27	0.42	0.31
1	0	0.983	0.008	0.009
0	0	0.837	0.159	0.004
0	2	0.394	0.132	0.473
0	2	0.086	0.18	0.733
0	1	0.294	0.45	0.256
0	1	0.04	0.96	0
0	2	0.07	0.01	0.92
0	0	0.97	0.028	0.002
0	1	0.371	0.625	0.004
0	0	0.969	0	0.03
0	0	0.446	0.25	0.303
2	2	0.032	0.128	0.84
1	2	0	0.004	0.996
0	2	0	0.066	0.934
0	2	0	0.122	0.878
0	2	0.063	0.422	0.516
1	0	0.959	0.032	0.009
2	2	0.01	0.293	0.697
0	1	0.023	0.792	0.185
0	1	0.004	0.835	0.161
1	1	0	0.672	0.328
0	0	0.983	0.013	0.004
1	2	0.147	0.18	0.673
0	1	0.46	0.483	0.057
1	1	0.279	0.473	0.248
0	2	0	0.015	0.985
0	0	0.667	0.227	0.106
0	0	0.381	0.296	0.323
0	0	0.47	0.164	0.366
0	0	0.987	0.001	0.013
0	0	0.941	0.023	0.036
0	2	0.179	0.147	0.674
0	1	0.093	0.8	0.107
0	1	0.002	0.998	0
0	0	0.998	0.002	0
0	2	0.465	0	0.535
0	1	0.138	0.846	0.015
1	2	0.007	0.182	0.811
2	1	0	0.998	0.002
0	1	0.329	0.341	0.33
0	0	0.996	0.002	0.002
0	0	0.947	0.007	0.046
0	0	0.908	0.09	0.002
0	1	0.209	0.786	0.005
0	0	0.983	0.017	0
0	2	0.051	0.02	0.929
0	0	0.998	0.002	0
0	2	0.116	0.006	0.878
0	2	0.082	0.007	0.911
0	1	0.002	0.536	0.462
0	1	0.046	0.952	0.002
2	2	0.2	0.329	0.471
0	0	0.429	0.306	0.264
0	1	0.002	0.998	0
0	2	0.32	0.016	0.664
0	0	0.998	0	0.002
0	0	0.99	0.01	0
0	2	0.189	0.15	0.661
0	0	0.997	0.003	0
1	0	0.998	0.001	0.001
1	0	0.957	0.041	0.002
0	1	0.018	0.981	0.001
0	1	0.01	0.99	0
0	1	0.04	0.517	0.443
0	1	0.131	0.857	0.011
0	1	0.344	0.571	0.085
0	1	0.003	0.865	0.132
0	0	0.964	0.003	0.033
1	0	0.844	0.055	0.101
2	1	0.014	0.985	0.001
1	0	0.998	0.002	0
0	0	0.775	0.1	0.125
0	2	0.018	0.001	0.982
0	2	0.037	0.002	0.961
2	2	0.005	0.35	0.645
0	2	0.295	0.303	0.402
0	0	0.911	0.041	0.047
0	0	0.997	0.003	0
0	0	0.992	0.007	0.001
0	1	0.129	0.628	0.244
0	0	0.832	0.001	0.167
0	2	0.074	0.099	0.826
1	2	0.151	0.028	0.821
0	0	0.992	0.007	0
1	1	0.044	0.746	0.21
0	0	0.965	0.035	0
1	1	0	0.997	0.003
0	1	0.334	0.625	0.04
0	0	0.921	0.018	0.06
0	1	0.001	0.834	0.165
0	0	0.998	0	0.002
0	2	0.315	0.037	0.648
0	0	0.991	0.001	0.008
0	0	0.554	0.002	0.444
0	0	0.994	0.004	0.002
0	0	0.995	0.005	0
0	0	0.998	0.002	0
0	2	0.001	0.07	0.928
0	2	0.002	0	0.998
0	0	0.429	0.336	0.234
1	0	0.998	0	0.002
2	2	0	0.066	0.933
0	0	0.801	0.157	0.042
0	0	0.447	0.239	0.314
0	0	0.998	0.002	0
0	0	0.986	0.002	0.011
0	1	0.182	0.772	0.045
1	0	0.391	0.321	0.288
0	0	0.997	0.003	0
0	2	0.311	0.335	0.354
0	0	0.991	0.009	0
0	2	0	0.477	0.523
0	0	0.917	0.043	0.04
0	2	0.049	0.005	0.945
0	1	0.025	0.918	0.057
1	2	0.181	0.055	0.764
0	1	0	0.995	0.005
0	0	0.685	0.185	0.13
0	2	0.009	0.392	0.599
0	0	0.982	0.016	0.002
0	1	0.067	0.933	0
0	0	0.995	0	0.005
0	0	0.487	0.398	0.115
0	0	0.948	0.051	0.001
0	0	0.997	0	0.003
0	0	0.953	0.029	0.018
0	2	0.043	0.229	0.728
0	1	0.004	0.856	0.14
0	2	0.103	0	0.897
0	0	0.989	0.01	0
0	0	0.603	0.124	0.273
0	0	0.952	0.001	0.048
1	0	0.998	0.002	0
0	2	0.038	0.003	0.96
0	2	0.218	0.381	0.401
1	0	0.934	0.048	0.018
1	2	0.041	0.221	0.738
0	0	0.931	0.069	0
0	0	0.624	0.013	0.363
0	0	0.971	0	0.029
0	0	0.788	0.068	0.144
0	1	0.027	0.966	0.007
1	1	0.177	0.572	0.251
0	0	0.996	0.003	0
0	1	0.083	0.911	0.006
0	2	0.19	0.362	0.448
0	1	0.092	0.864	0.043
0	2	0.223	0.051	0.726
0	1	0.283	0.715	0.002
0	0	0.985	0.014	0.001
0	0	0.582	0.329	0.089
0	0	0.801	0.109	0.089
0	1	0.001	0.944	0.055
0	0	0.993	0.007	0
1	1	0.312	0.366	0.321
0	1	0.189	0.809	0.002
0	2	0.005	0.233	0.762
0	1	0.131	0.47	0.399
0	2	0.077	0.263	0.661
0	0	0.998	0.002	0
0	2	0.048	0.002	0.95
0	1	0.126	0.872	0.001
0	1	0.029	0.9	0.07
0	0	0.88	0.006	0.114
2	1	0.1	0.891	0.008
0	2	0.038	0.002	0.96
0	2	0.055	0.259	0.686
0	1	0	0.995	0.005
0	0	0.998	0.001	0.002
0	0	0.968	0.001	0.03
1	2	0.018	0.008	0.974
0	2	0.302	0.349	0.349
0	0	0.34	0.336	0.324
0	1	0	0.997	0.003
0	1	0	0.8	0.2
0	1	0	0.995	0.005
0	1	0	0.995	0.005
0	2	0.192	0.033	0.775
0	0	0.998	0.002	0
0	0	0.997	0.003	0
0	0	0.513	0.329	0.158
1	1	0.046	0.782	0.172
0	1	0.203	0.715	0.082
1	2	0.028	0.001	0.971
0	0	0.949	0.032	0.019
0	2	0.001	0.054	0.945
0	0	0.519	0.386	0.094
1	1	0.288	0.429	0.283
0	0	0.998	0	0.002
0	0	0.978	0.009	0.013
0	0	0.994	0	0.006
2	0	0.998	0.002	0
2	0	0.998	0	0.002
0	1	0	0.986	0.014
2	1	0.145	0.845	0.01
0	0	0.963	0.019	0.018
1	0	0.975	0.003	0.023
1	0	0.851	0.001	0.148
