0	0	0.792	0.196	0.012
0	0	0.817	0.152	0.031
2	1	0.09	0.543	0.367
2	0	0.352	0.343	0.305
1	2	0.034	0.032	0.935
0	0	0.797	0.197	0.007
0	0	0.835	0.035	0.13
0	1	0.33	0.557	0.113
0	0	0.947	0.026	0.027
0	0	0.967	0.023	0.01
0	0	0.928	0.061	0.011
0	0	0.931	0.036	0.033
0	0	0.741	0.154	0.105
0	0	0.922	0.049	0.029
0	0	0.855	0.109	0.037
0	0	0.802	0.142	0.056
0	0	0.583	0.076	0.341
0	0	0.837	0.145	0.018
0	0	0.528	0.194	0.278
1	0	0.517	0.229	0.253
1	0	0.732	0.132	0.136
0	2	0.32	0.111	0.569
1	0	0.509	0.379	0.113
0	0	0.903	0.034	0.063
0	0	0.974	0.013	0.013
0	0	0.935	0.034	0.031
0	1	0.154	0.427	0.42
1	0	0.394	0.391	0.215
0	0	0.885	0.038	0.077
0	0	0.868	0.097	0.035
0	0	0.647	0.099	0.255
0	0	0.455	0.201	0.344
1	2	0.02	0.126	0.855
0	0	0.961	0.009	0.03
0	0	0.814	0.172	0.014
2	0	0.77	0.223	0.007
2	0	0.88	0.023	0.097
2	0	0.778	0.211	0.011
0	0	0.811	0.149	0.04
0	0	0.862	0.129	0.009
2	0	0.902	0.057	0.041
1	2	0.136	0.152	0.712
1	0	0.777	0.203	0.021
0	0	0.931	0.048	0.021
0	0	0.843	0.107	0.05
1	2	0.317	0.188	0.496
0	0	0.944	0.037	0.02
0	0	0.562	0.18	0.258
0	0	0.94	0.022	0.038
0	0	0.872	0.119	0.009
0	2	0.303	0.055	0.643
0	0	0.797	0.163	0.04
0	0	0.992	0.003	0.004
0	0	0.948	0.02	0.032
0	0	0.957	0.032	0.01
0	0	0.901	0.082	0.017
0	0	0.824	0.032	0.144
0	0	0.98	0.006	0.014
0	0	0.921	0.008	0.071
0	0	0.822	0.148	0.03
0	0	0.952	0.007	0.041
0	0	0.84	0.133	0.027
0	0	0.885	0.107	0.008
0	0	0.865	0.078	0.057
0	0	0.774	0.132	0.094
0	0	0.845	0.121	0.034
0	0	0.901	0.089	0.01
2	2	0.035	0.309	0.657
0	0	0.918	0.031	0.051
0	0	0.943	0.041	0.016
0	0	0.705	0.266	0.029
0	0	0.52	0.2	0.28
1	1	0.323	0.404	0.273
0	0	0.944	0.001	0.055
0	0	0.989	0.008	0.003
0	0	0.9	0.044	0.056
1	0	0.924	0.053	0.023
2	1	0.048	0.838	0.114
0	0	0.933	0.042	0.025
0	0	0.759	0.185	0.057
1	0	0.427	0.211	0.362
0	0	0.975	0.022	0.003
1	1	0.367	0.48	0.153
0	0	0.962	0.008	0.03
1	0	0.962	0.028	0.01
0	0	0.672	0.185	0.143
0	2	0.025	0.219	0.756
0	0	0.964	0.035	0.001
0	0	0.83	0.023	0.148
0	0	0.803	0.141	0.056
0	0	0.896	0.092	0.012
0	0	0.821	0.134	0.045
0	0	0.906	0.077	0.017
0	0	0.882	0.029	0.089
0	0	0.929	0.045	0.025
0	0	0.824	0.149	0.027
0	0	0.93	0.036	0.034
0	0	0.658	0.327	0.015
0	0	0.905	0.053	0.042
0	0	0.88	0.09	0.03
2	0	0.953	0.04	0.007
0	0	0.707	0.274	0.019
1	1	0.01	0.798	0.192
2	0	0.776	0.04	0.184
2	1	0.067	0.61	0.323
0	0	0.757	0.225	0.018
0	0	0.982	0.012	0.005
0	0	0.85	0.142	0.008
0	0	0.954	0.005	0.041
0	0	0.836	0.119	0.045
0	0	0.819	0.115	0.066
0	0	0.712	0.233	0.055
0	0	0.84	0.118	0.041
0	0	0.99	0.007	0.003
0	0	0.965	0.025	0.011
0	1	0.177	0.77	0.053
0	0	0.786	0.105	0.11
0	0	0.86	0.127	0.013
0	0	0.695	0.078	0.226
0	0	0.843	0.079	0.079
2	0	0.456	0.262	0.282
0	0	0.983	0.014	0.003
0	0	0.763	0.23	0.007
0	0	0.984	0.001	0.015
0	0	0.954	0.024	0.023
0	0	0.963	0.035	0.002
0	0	0.927	0.064	0.009
0	0	0.892	0.104	0.004
0	0	0.857	0.044	0.099
0	0	0.96	0.02	0.02
0	0	0.814	0.154	0.032
0	0	0.962	0.019	0.018
0	0	0.986	0.006	0.008
0	0	0.961	0.01	0.029
1	0	0.944	0.034	0.021
2	0	0.905	0.09	0.005
1	0	0.905	0.044	0.051
1	0	0.488	0.37	0.142
0	0	0.985	0.006	0.008
0	0	0.986	0.013	0.001
0	0	0.845	0.139	0.016
0	0	0.881	0.056	0.063
0	0	0.988	0.012	0
0	0	0.983	0.007	0.011
0	0	0.901	0.06	0.039
1	0	0.695	0.183	0.123
2	0	0.903	0.044	0.053
1	0	0.99	0.009	0
0	0	0.875	0.045	0.08
2	0	0.923	0.057	0.02
0	0	0.742	0.25	0.008
1	0	0.908	0.027	0.065
2	0	0.689	0.303	0.007
1	0	0.866	0.008	0.126
1	0	0.802	0.188	0.01
2	0	0.914	0.051	0.034
1	0	0.889	0.048	0.063
0	0	0.54	0.339	0.121
0	0	0.973	0.022	0.004
2	0	0.775	0.194	0.031
0	0	0.882	0.092	0.026
0	0	0.883	0.063	0.053
2	0	0.803	0.038	0.159
0	0	0.921	0.03	0.048
0	0	0.733	0.25	0.018
0	0	0.798	0.191	0.011
0	0	0.814	0.137	0.05
0	0	0.911	0.08	0.009
0	0	0.968	0.009	0.023
0	0	0.947	0.027	0.026
0	0	0.863	0.123	0.014
0	0	0.895	0.094	0.011
0	0	0.819	0.149	0.032
0	0	0.723	0.075	0.202
0	0	0.88	0.085	0.035
1	0	0.872	0.055	0.073
0	0	0.737	0.071	0.192
0	1	0.131	0.792	0.077
0	0	0.958	0.008	0.034
0	0	0.843	0.086	0.071
1	0	0.903	0.057	0.041
0	0	0.976	0.01	0.014
1	0	0.499	0.369	0.133
0	0	0.66	0.087	0.253
0	0	0.997	0.003	0
1	0	0.614	0.219	0.167
0	0	0.979	0.017	0.004
0	0	0.509	0.421	0.069
0	0	0.943	0.018	0.038
0	0	0.851	0.126	0.023
0	0	0.759	0.185	0.056
0	0	0.955	0.009	0.036
0	1	0.386	0.453	0.161
0	0	0.901	0.034	0.066
0	0	0.842	0.109	0.048
1	0	0.601	0.322	0.077
0	0	0.975	0.023	0.002
0	0	0.827	0.108	0.065
0	0	0.946	0.036	0.018
0	0	0.916	0.049	0.035
0	0	0.781	0.128	0.091
0	0	0.892	0.017	0.091
0	0	0.622	0.317	0.061
0	0	0.873	0.013	0.114
0	0	0.758	0.211	0.031
0	1	0.161	0.45	0.389
0	0	0.998	0	0.002
0	0	0.85	0.128	0.022
0	0	0.83	0.039	0.131
0	0	0.85	0.128	0.022
0	0	0.866	0.096	0.038
1	0	0.812	0.081	0.107
2	1	0.14	0.778	0.082
0	0	0.931	0.013	0.056
1	0	0.923	0.055	0.022
0	1	0.389	0.411	0.201
0	0	0.981	0.014	0.005
0	0	0.724	0.259	0.016
0	0	0.949	0.017	0.034
0	0	0.813	0.168	0.019
1	1	0.248	0.66	0.093
0	0	0.989	0.004	0.007
0	0	0.675	0.296	0.029
0	0	0.94	0.011	0.048
0	0	0.65	0.258	0.092
0	0	0.675	0.309	0.016
0	1	0.256	0.616	0.128
0	0	0.802	0.165	0.033
0	0	0.785	0.028	0.187
0	0	0.825	0.117	0.058
1	0	0.554	0.326	0.12
0	1	0.304	0.668	0.028
0	0	0.96	0.036	0.004
0	0	0.922	0.034	0.044
0	0	0.958	0.02	0.022
0	0	0.683	0.245	0.072
0	0	0.962	0.02	0.018
0	1	0.47	0.487	0.044
0	0	0.902	0.031	0.067
0	0	0.825	0.132	0.042
0	0	0.745	0.233	0.022
0	0	0.986	0.003	0.011
1	1	0.428	0.51	0.062
0	0	0.879	0.019	0.102
0	0	0.788	0.187	0.025
0	0	0.812	0.14	0.048
0	0	0.963	0.014	0.024
0	0	0.897	0.088	0.015
0	0	0.902	0.029	0.068
0	0	0.935	0.054	0.011
0	0	0.917	0.064	0.018
2	2	0.134	0.432	0.433
1	0	0.746	0.214	0.039
0	0	0.953	0.015	0.032
0	0	0.705	0.249	0.046
0	0	0.833	0.097	0.07
0	0	0.958	0.015	0.027
0	0	0.56	0.399	0.04
0	0	0.895	0.033	0.073
0	0	0.913	0.077	0.01
1	0	0.968	0.03	0.002
0	0	0.933	0.051	0.016
0	0	0.961	0.032	0.008
0	0	0.917	0.073	0.01
1	0	0.944	0.052	0.004
0	0	0.876	0.117	0.007
0	0	0.373	0.298	0.329
1	0	0.428	0.356	0.216
0	0	0.84	0.124	0.037
1	0	0.533	0.411	0.056
0	0	0.935	0.062	0.003
0	0	0.978	0.013	0.01
0	0	0.987	0.012	0.001
0	0	0.806	0.057	0.137
0	0	0.775	0.193	0.032
0	0	0.905	0.081	0.014
0	0	0.956	0.038	0.006
1	0	0.582	0.365	0.053
0	0	0.99	0.005	0.005
0	0	0.96	0.037	0.003
0	0	0.783	0.123	0.094
0	0	0.97	0.005	0.025
0	1	0.173	0.642	0.185
0	0	0.771	0.083	0.146
0	0	0.819	0.163	0.018
0	0	0.857	0.124	0.019
0	0	0.756	0.2	0.044
0	0	0.92	0.068	0.012
0	0	0.924	0.023	0.054
0	0	0.843	0.122	0.035
0	0	0.49	0.38	0.13
0	0	0.972	0.008	0.02
0	0	0.608	0.328	0.064
0	0	0.97	0.003	0.026
0	0	0.516	0.42	0.063
0	0	0.97	0.027	0.003
0	0	0.988	0.009	0.004
0	0	0.867	0.121	0.012
0	0	0.969	0.005	0.027
1	0	0.895	0.097	0.008
0	0	0.817	0.164	0.019
0	0	0.989	0.005	0.006
1	0	0.926	0.064	0.009
0	0	0.971	0.02	0.009
0	0	0.882	0.107	0.011
0	0	0.758	0.171	0.071
0	0	0.966	0.012	0.022
0	0	0.897	0.066	0.037
0	0	0.985	0.002	0.012
0	1	0.346	0.497	0.157
0	0	0.811	0.188	0.002
0	0	0.919	0.061	0.02
0	0	0.969	0.02	0.011
0	0	0.904	0.025	0.071
0	0	0.875	0.091	0.034
1	0	0.456	0.404	0.14
2	2	0.002	0.093	0.905
2	0	0.774	0.111	0.115
0	0	0.927	0.028	0.045
2	0	0.68	0.259	0.061
0	0	0.896	0.074	0.03
0	2	0.347	0.171	0.482
0	0	0.907	0.069	0.024
0	0	0.938	0.022	0.041
0	1	0.34	0.643	0.017
0	0	0.922	0.054	0.025
0	0	0.96	0.031	0.009
0	1	0.37	0.617	0.013
0	0	0.951	0.023	0.027
0	0	0.99	0.007	0.003
0	0	0.815	0.155	0.03
0	0	0.953	0.031	0.015
1	0	0.533	0.313	0.153
0	0	0.979	0.004	0.017
0	0	0.958	0.028	0.014
0	1	0.133	0.704	0.164
0	0	0.506	0.489	0.006
0	1	0.035	0.958	0.008
0	0	0.556	0.406	0.038
0	0	0.942	0.034	0.024
0	0	0.887	0.101	0.012
0	0	0.881	0.11	0.009
0	0	0.988	0.012	0
0	0	0.966	0.002	0.032
1	0	0.768	0.211	0.021
0	0	0.928	0.058	0.014
1	0	0.914	0.078	0.008
0	0	0.934	0.058	0.008
0	0	0.98	0.004	0.015
0	2	0.016	0.112	0.872
0	0	0.894	0.104	0.001
0	0	0.713	0.25	0.037
1	0	0.937	0.053	0.01
0	2	0.47	0.008	0.522
0	0	0.787	0.122	0.091
0	0	0.876	0.122	0.003
0	0	0.969	0.022	0.009
0	0	0.856	0.113	0.03
0	0	0.866	0.067	0.067
0	0	0.916	0.062	0.022
1	0	0.727	0.231	0.042
2	0	0.788	0.198	0.015
2	1	0.379	0.491	0.13
0	1	0.368	0.486	0.145
2	0	0.877	0.1	0.023
0	0	0.645	0.298	0.057
0	0	0.872	0.092	0.035
1	0	0.718	0.248	0.035
0	0	0.956	0.009	0.035
1	0	0.979	0.014	0.007
