0	0	0.817	0.152	0.031
2	1	0.09	0.543	0.367
1	2	0.034	0.032	0.935
0	0	0.797	0.197	0.007
0	0	0.835	0.035	0.13
0	1	0.33	0.557	0.113
0	0	0.947	0.026	0.027
0	0	0.967	0.023	0.01
0	0	0.931	0.036	0.033
0	0	0.741	0.154	0.105
1	0	0.517	0.229	0.253
1	0	0.509	0.379	0.113
0	0	0.974	0.013	0.013
0	0	0.935	0.034	0.031
0	1	0.154	0.427	0.42
1	0	0.394	0.391	0.215
0	0	0.868	0.097	0.035
1	2	0.02	0.126	0.855
2	0	0.77	0.223	0.007
2	0	0.88	0.023	0.097
2	0	0.778	0.211	0.011
0	0	0.862	0.129	0.009
1	2	0.136	0.152	0.712
1	0	0.777	0.203	0.021
0	0	0.843	0.107	0.05
0	0	0.944	0.037	0.02
0	0	0.562	0.18	0.258
0	0	0.94	0.022	0.038
0	0	0.901	0.082	0.017
0	0	0.824	0.032	0.144
0	0	0.822	0.148	0.03
0	0	0.952	0.007	0.041
0	0	0.84	0.133	0.027
0	0	0.885	0.107	0.008
2	2	0.035	0.309	0.657
1	1	0.323	0.404	0.273
0	0	0.944	0.001	0.055
0	0	0.989	0.008	0.003
0	0	0.9	0.044	0.056
1	0	0.924	0.053	0.023
2	1	0.048	0.838	0.114
0	0	0.933	0.042	0.025
0	0	0.759	0.185	0.057
1	0	0.427	0.211	0.362
0	0	0.975	0.022	0.003
1	1	0.367	0.48	0.153
0	0	0.962	0.008	0.03
1	0	0.962	0.028	0.01
0	2	0.025	0.219	0.756
0	0	0.964	0.035	0.001
0	0	0.83	0.023	0.148
0	0	0.803	0.141	0.056
0	0	0.896	0.092	0.012
0	0	0.906	0.077	0.017
0	0	0.882	0.029	0.089
0	0	0.929	0.045	0.025
0	0	0.824	0.149	0.027
0	0	0.93	0.036	0.034
0	0	0.658	0.327	0.015
0	0	0.707	0.274	0.019
1	1	0.01	0.798	0.192
2	1	0.067	0.61	0.323
0	0	0.757	0.225	0.018
0	0	0.982	0.012	0.005
0	0	0.85	0.142	0.008
0	0	0.954	0.005	0.041
0	0	0.836	0.119	0.045
0	0	0.819	0.115	0.066
0	0	0.712	0.233	0.055
0	1	0.177	0.77	0.053
0	0	0.786	0.105	0.11
0	0	0.86	0.127	0.013
0	0	0.695	0.078	0.226
0	0	0.843	0.079	0.079
2	0	0.456	0.262	0.282
0	0	0.983	0.014	0.003
0	0	0.763	0.23	0.007
0	0	0.984	0.001	0.015
0	0	0.963	0.035	0.002
0	0	0.927	0.064	0.009
0	0	0.892	0.104	0.004
0	0	0.857	0.044	0.099
1	0	0.905	0.044	0.051
1	0	0.488	0.37	0.142
0	0	0.985	0.006	0.008
0	0	0.986	0.013	0.001
0	0	0.845	0.139	0.016
0	0	0.881	0.056	0.063
0	0	0.988	0.012	0
0	0	0.983	0.007	0.011
0	0	0.901	0.06	0.039
1	0	0.908	0.027	0.065
2	0	0.689	0.303	0.007
1	0	0.889	0.048	0.063
0	0	0.54	0.339	0.121
0	0	0.882	0.092	0.026
0	0	0.883	0.063	0.053
2	0	0.803	0.038	0.159
0	0	0.733	0.25	0.018
0	0	0.798	0.191	0.011
0	0	0.863	0.123	0.014
0	0	0.819	0.149	0.032
0	0	0.723	0.075	0.202
0	0	0.88	0.085	0.035
0	0	0.737	0.071	0.192
1	0	0.903	0.057	0.041
0	0	0.976	0.01	0.014
1	0	0.499	0.369	0.133
0	0	0.66	0.087	0.253
1	0	0.614	0.219	0.167
0	0	0.979	0.017	0.004
0	0	0.509	0.421	0.069
0	0	0.943	0.018	0.038
0	0	0.955	0.009	0.036
0	1	0.386	0.453	0.161
0	0	0.842	0.109	0.048
0	0	0.827	0.108	0.065
0	0	0.916	0.049	0.035
0	0	0.781	0.128	0.091
0	0	0.892	0.017	0.091
0	0	0.622	0.317	0.061
0	1	0.161	0.45	0.389
0	0	0.85	0.128	0.022
1	0	0.812	0.081	0.107
2	1	0.14	0.778	0.082
0	0	0.931	0.013	0.056
0	1	0.389	0.411	0.201
0	0	0.981	0.014	0.005
0	0	0.724	0.259	0.016
0	0	0.813	0.168	0.019
1	1	0.248	0.66	0.093
0	0	0.989	0.004	0.007
0	0	0.675	0.296	0.029
0	0	0.675	0.309	0.016
0	1	0.256	0.616	0.128
0	0	0.802	0.165	0.033
0	0	0.785	0.028	0.187
0	0	0.825	0.117	0.058
1	0	0.554	0.326	0.12
0	1	0.304	0.668	0.028
0	0	0.96	0.036	0.004
0	0	0.922	0.034	0.044
0	0	0.958	0.02	0.022
0	0	0.683	0.245	0.072
0	0	0.962	0.02	0.018
0	1	0.47	0.487	0.044
0	0	0.745	0.233	0.022
0	0	0.986	0.003	0.011
0	0	0.897	0.088	0.015
0	0	0.705	0.249	0.046
0	0	0.833	0.097	0.07
0	0	0.958	0.015	0.027
0	0	0.56	0.399	0.04
0	0	0.913	0.077	0.01
0	0	0.933	0.051	0.016
1	0	0.944	0.052	0.004
0	0	0.876	0.117	0.007
0	0	0.373	0.298	0.329
1	0	0.428	0.356	0.216
1	0	0.533	0.411	0.056
0	0	0.935	0.062	0.003
0	0	0.978	0.013	0.01
0	0	0.987	0.012	0.001
0	0	0.905	0.081	0.014
0	0	0.956	0.038	0.006
1	0	0.582	0.365	0.053
0	0	0.99	0.005	0.005
0	0	0.96	0.037	0.003
0	1	0.173	0.642	0.185
0	0	0.771	0.083	0.146
0	0	0.756	0.2	0.044
0	0	0.92	0.068	0.012
0	0	0.924	0.023	0.054
0	0	0.843	0.122	0.035
0	0	0.972	0.008	0.02
0	0	0.97	0.027	0.003
0	0	0.988	0.009	0.004
1	0	0.895	0.097	0.008
0	0	0.966	0.012	0.022
0	0	0.897	0.066	0.037
0	0	0.985	0.002	0.012
0	1	0.346	0.497	0.157
0	0	0.811	0.188	0.002
0	0	0.919	0.061	0.02
0	0	0.969	0.02	0.011
0	0	0.904	0.025	0.071
0	0	0.875	0.091	0.034
2	0	0.68	0.259	0.061
0	2	0.347	0.171	0.482
0	0	0.907	0.069	0.024
0	1	0.34	0.643	0.017
0	1	0.37	0.617	0.013
0	0	0.953	0.031	0.015
1	0	0.533	0.313	0.153
0	0	0.979	0.004	0.017
0	0	0.958	0.028	0.014
0	1	0.133	0.704	0.164
0	0	0.506	0.489	0.006
0	1	0.035	0.958	0.008
0	0	0.556	0.406	0.038
0	0	0.887	0.101	0.012
0	0	0.881	0.11	0.009
0	0	0.988	0.012	0
0	0	0.966	0.002	0.032
1	0	0.768	0.211	0.021
0	0	0.928	0.058	0.014
1	0	0.914	0.078	0.008
0	0	0.934	0.058	0.008
0	2	0.016	0.112	0.872
0	0	0.713	0.25	0.037
1	0	0.937	0.053	0.01
0	0	0.969	0.022	0.009
0	0	0.856	0.113	0.03
0	0	0.916	0.062	0.022
2	0	0.788	0.198	0.015
2	1	0.379	0.491	0.13
0	1	0.368	0.486	0.145
2	0	0.877	0.1	0.023
0	0	0.872	0.092	0.035
1	0	0.718	0.248	0.035
1	0	0.979	0.014	0.007
