0	0	0.794	0.189	0.017
2	1	0.085	0.683	0.232
1	2	0.104	0.111	0.786
0	0	0.818	0.18	0.002
0	0	0.894	0.026	0.079
0	1	0.318	0.435	0.247
0	0	0.962	0.03	0.007
0	0	0.975	0.023	0.002
0	0	0.894	0.06	0.046
0	0	0.874	0.081	0.044
1	0	0.404	0.347	0.249
1	0	0.595	0.185	0.22
0	0	0.969	0.018	0.013
0	0	0.986	0.013	0.001
0	2	0.258	0.358	0.383
1	1	0.325	0.415	0.26
0	0	0.813	0.179	0.007
1	2	0.012	0.043	0.945
2	0	0.852	0.128	0.02
2	0	0.892	0.027	0.081
2	0	0.67	0.311	0.019
0	0	0.855	0.142	0.002
1	0	0.509	0.195	0.296
1	0	0.699	0.284	0.017
0	0	0.84	0.149	0.011
0	0	0.975	0.02	0.005
0	0	0.504	0.223	0.274
0	0	0.971	0.023	0.006
0	0	0.965	0.03	0.004
0	2	0.289	0.063	0.647
0	0	0.955	0.043	0.002
0	0	0.973	0.008	0.019
0	0	0.741	0.159	0.1
0	0	0.743	0.251	0.006
2	1	0.026	0.602	0.373
1	2	0.114	0.21	0.676
0	0	0.687	0.01	0.303
0	0	0.94	0.042	0.017
0	0	0.966	0.013	0.022
1	0	0.954	0.035	0.011
2	1	0.043	0.904	0.053
0	0	0.938	0.039	0.023
0	0	0.688	0.284	0.028
1	0	0.723	0.105	0.172
0	0	0.986	0.013	0.001
1	0	0.482	0.409	0.109
0	0	0.993	0.004	0.003
1	0	0.965	0.032	0.003
0	2	0.004	0.044	0.952
0	0	0.983	0.016	0
0	0	0.951	0.011	0.039
0	0	0.902	0.088	0.01
0	0	0.977	0.019	0.003
0	0	0.954	0.042	0.004
0	0	0.936	0.034	0.03
0	0	0.96	0.037	0.003
0	0	0.979	0.02	0.001
0	0	0.941	0.053	0.007
0	0	0.935	0.016	0.049
0	0	0.832	0.162	0.006
1	1	0.001	0.966	0.033
2	1	0.065	0.656	0.279
0	0	0.971	0.028	0.001
0	0	0.993	0.006	0.001
0	0	0.858	0.137	0.005
0	0	0.993	0.002	0.004
0	0	0.941	0.052	0.007
0	0	0.977	0.02	0.002
0	0	0.667	0.275	0.057
0	1	0.118	0.506	0.376
0	0	0.799	0.134	0.067
0	0	0.922	0.067	0.011
0	0	0.824	0.08	0.096
0	0	0.945	0.047	0.008
2	0	0.721	0.135	0.144
0	0	0.974	0.023	0.002
0	0	0.783	0.207	0.01
0	0	0.996	0.001	0.002
0	0	0.986	0.014	0.001
0	0	0.914	0.083	0.003
0	0	0.767	0.23	0.002
0	0	0.955	0.03	0.015
1	0	0.798	0.118	0.084
1	0	0.715	0.247	0.037
0	0	0.995	0.004	0
0	0	0.995	0.005	0
0	0	0.517	0.134	0.349
0	0	0.814	0.099	0.087
0	0	0.993	0.007	0
0	0	0.994	0.005	0
0	0	0.889	0.084	0.027
1	0	0.968	0.018	0.014
2	0	0.59	0.404	0.006
1	0	0.867	0.099	0.033
0	0	0.571	0.364	0.065
0	0	0.97	0.021	0.01
0	0	0.947	0.016	0.036
2	2	0.454	0.051	0.496
0	0	0.874	0.119	0.007
0	0	0.944	0.055	0.002
0	0	0.938	0.056	0.006
0	0	0.819	0.155	0.026
0	0	0.937	0.01	0.054
0	0	0.96	0.036	0.003
0	0	0.688	0.094	0.218
1	0	0.895	0.037	0.068
0	0	0.941	0.044	0.015
1	0	0.594	0.315	0.091
0	0	0.751	0.148	0.101
1	0	0.706	0.033	0.261
0	0	0.99	0.01	0
0	0	0.62	0.314	0.066
0	0	0.976	0.017	0.007
0	0	0.959	0.007	0.033
0	0	0.548	0.346	0.107
0	0	0.794	0.165	0.041
0	0	0.942	0.032	0.026
0	0	0.958	0.036	0.006
0	0	0.911	0.078	0.011
0	0	0.961	0.031	0.008
0	0	0.796	0.182	0.022
0	1	0.187	0.465	0.348
0	0	0.933	0.065	0.002
1	0	0.825	0.124	0.052
2	1	0.125	0.799	0.076
0	0	0.945	0.023	0.031
0	1	0.396	0.428	0.176
0	0	0.93	0.069	0.001
0	0	0.757	0.237	0.005
0	0	0.672	0.313	0.015
1	0	0.582	0.354	0.064
0	0	0.979	0.019	0.002
0	0	0.774	0.212	0.014
0	0	0.706	0.286	0.008
0	1	0.17	0.767	0.062
0	0	0.836	0.15	0.015
0	0	0.941	0.007	0.051
0	0	0.793	0.171	0.036
1	0	0.662	0.229	0.11
0	1	0.468	0.499	0.033
0	0	0.912	0.083	0.005
0	0	0.978	0.015	0.007
0	0	0.918	0.053	0.029
0	0	0.781	0.211	0.008
0	0	0.963	0.016	0.021
0	0	0.541	0.429	0.03
0	0	0.744	0.243	0.013
0	0	0.993	0.005	0.002
0	0	0.893	0.095	0.012
0	0	0.642	0.309	0.049
0	0	0.817	0.153	0.03
0	0	0.974	0.008	0.018
0	1	0.401	0.574	0.025
0	0	0.921	0.07	0.01
0	0	0.949	0.036	0.015
1	0	0.951	0.045	0.003
0	0	0.956	0.041	0.003
0	0	0.592	0.337	0.071
1	2	0.379	0.202	0.419
1	0	0.665	0.254	0.081
0	0	0.976	0.024	0
0	0	0.981	0.013	0.006
0	0	0.995	0.005	0
0	0	0.981	0.015	0.004
0	0	0.966	0.031	0.003
1	0	0.642	0.301	0.057
0	0	0.996	0.004	0
0	0	0.985	0.015	0.001
0	1	0.287	0.595	0.118
0	0	0.775	0.033	0.192
0	0	0.825	0.158	0.017
0	0	0.96	0.039	0.001
0	0	0.984	0.014	0.002
0	0	0.849	0.138	0.014
0	0	0.974	0.015	0.011
0	0	0.981	0.019	0
0	0	0.978	0.021	0.001
1	0	0.908	0.082	0.01
0	0	0.983	0.016	0.001
0	0	0.966	0.031	0.003
0	0	0.99	0.005	0.005
0	1	0.113	0.786	0.101
0	0	0.978	0.022	0
0	0	0.928	0.059	0.014
0	0	0.988	0.011	0.001
0	0	0.968	0.021	0.01
0	0	0.953	0.039	0.008
2	0	0.736	0.255	0.009
0	0	0.548	0.153	0.3
0	0	0.947	0.049	0.004
0	1	0.233	0.75	0.017
0	1	0.128	0.859	0.014
0	0	0.922	0.061	0.017
1	0	0.552	0.303	0.145
0	0	0.984	0.005	0.01
0	0	0.937	0.048	0.015
0	1	0.242	0.737	0.022
0	0	0.67	0.328	0.002
0	1	0.014	0.983	0.003
0	0	0.599	0.398	0.003
0	0	0.977	0.016	0.007
0	0	0.926	0.073	0.001
0	0	0.987	0.013	0
0	0	0.994	0.001	0.005
1	0	0.876	0.114	0.009
0	0	0.928	0.061	0.01
1	0	0.944	0.049	0.007
0	0	0.948	0.036	0.016
0	2	0.003	0.059	0.937
0	0	0.754	0.222	0.024
1	0	0.969	0.028	0.004
0	0	0.976	0.012	0.013
0	0	0.951	0.046	0.003
0	0	0.909	0.079	0.012
2	0	0.768	0.231	0.001
2	1	0.155	0.581	0.264
0	0	0.585	0.281	0.134
2	0	0.924	0.073	0.003
0	0	0.868	0.095	0.037
1	0	0.794	0.189	0.017
1	0	0.991	0.007	0.002
