0	2	0.087	0.114	0.8
0	1	0.12	0.861	0.019
2	2	0.017	0.196	0.787
2	0	0.431	0.205	0.364
1	2	0.03	0.335	0.636
0	1	0.057	0.93	0.014
0	0	0.806	0.026	0.168
0	0	0.426	0.305	0.269
0	0	0.951	0.024	0.025
0	0	0.897	0.075	0.028
0	0	0.465	0.409	0.127
0	0	0.503	0.341	0.157
0	0	0.506	0.143	0.352
0	0	0.783	0.022	0.195
0	1	0.375	0.462	0.164
0	2	0.214	0.304	0.482
0	2	0.037	0.001	0.962
0	1	0.116	0.875	0.009
0	2	0.292	0.063	0.645
1	2	0	0.033	0.967
1	2	0.007	0.132	0.861
0	2	0.034	0.017	0.949
1	0	0.409	0.352	0.238
0	0	0.887	0.062	0.051
0	0	0.822	0.034	0.144
0	1	0.264	0.385	0.352
0	2	0.115	0.17	0.715
1	1	0.025	0.774	0.201
0	0	0.654	0.093	0.253
0	0	0.525	0.16	0.315
0	2	0.153	0.395	0.452
0	0	0.846	0.032	0.122
1	2	0.006	0.19	0.804
0	0	0.842	0.07	0.088
0	0	0.516	0.449	0.035
2	1	0.16	0.705	0.135
2	2	0.05	0.156	0.794
2	1	0.058	0.807	0.135
0	0	0.785	0.211	0.004
0	1	0.372	0.485	0.144
2	1	0.092	0.557	0.351
1	2	0.001	0.031	0.969
1	0	0.557	0.409	0.034
0	0	0.915	0.067	0.018
0	2	0.234	0.366	0.4
1	2	0.016	0.048	0.936
0	2	0.291	0.321	0.388
0	1	0.212	0.453	0.335
0	0	0.713	0.052	0.235
0	0	0.613	0.318	0.068
0	2	0.151	0.175	0.674
0	0	0.712	0.178	0.11
0	0	0.996	0	0.004
0	0	0.991	0	0.009
0	0	0.829	0.163	0.008
0	1	0.139	0.581	0.28
0	0	0.939	0.028	0.033
0	0	0.991	0	0.009
0	2	0.444	0.002	0.554
0	0	0.863	0.066	0.071
0	2	0.195	0.088	0.717
0	1	0.216	0.445	0.339
0	0	0.648	0.225	0.127
0	0	0.818	0.031	0.151
0	2	0.282	0.102	0.615
0	2	0.086	0.427	0.487
0	0	0.83	0.156	0.014
2	2	0.007	0.025	0.969
0	0	0.895	0.005	0.099
0	0	0.694	0.25	0.055
0	1	0.137	0.584	0.279
0	2	0.025	0.021	0.954
1	1	0.009	0.641	0.35
0	2	0.095	0.003	0.902
0	1	0.065	0.526	0.409
0	0	0.82	0.041	0.139
1	1	0.02	0.702	0.279
2	1	0.03	0.934	0.036
0	0	0.84	0.148	0.012
0	2	0.11	0.052	0.838
1	0	0.751	0.125	0.124
0	0	0.882	0.116	0.003
1	1	0.245	0.684	0.071
0	2	0.344	0.088	0.567
1	0	0.904	0.074	0.022
0	2	0.15	0.236	0.615
0	2	0.007	0.051	0.943
0	0	0.853	0.092	0.055
0	2	0.459	0.003	0.539
0	2	0.205	0.331	0.464
0	1	0.338	0.627	0.035
0	0	0.791	0.158	0.051
0	0	0.892	0.106	0.002
0	0	0.81	0.01	0.179
0	0	0.757	0.079	0.163
0	1	0.171	0.809	0.02
0	0	0.975	0.001	0.024
0	0	0.742	0.008	0.25
0	2	0.076	0.01	0.915
0	0	0.543	0.297	0.16
2	2	0.151	0.082	0.767
0	0	0.416	0.333	0.251
1	1	0.031	0.665	0.304
2	2	0.03	0.004	0.966
2	1	0.023	0.678	0.299
0	1	0.404	0.493	0.103
0	0	0.996	0	0.004
0	0	0.592	0.406	0.002
0	0	0.987	0	0.013
0	2	0.26	0.277	0.463
0	0	0.747	0.216	0.036
0	0	0.7	0.139	0.161
0	0	0.682	0.276	0.042
0	0	0.992	0	0.008
0	0	0.863	0.068	0.07
0	1	0.026	0.868	0.106
0	0	0.802	0.085	0.112
0	0	0.653	0.124	0.223
0	2	0.298	0.086	0.615
0	2	0.28	0.07	0.65
2	2	0.064	0.352	0.584
0	0	0.915	0.073	0.012
0	1	0.148	0.852	0.001
0	0	0.874	0	0.126
0	0	0.916	0.052	0.032
0	0	0.948	0.024	0.028
0	0	0.724	0.263	0.013
0	0	0.542	0.45	0.008
0	0	0.976	0.001	0.023
0	0	0.882	0.049	0.068
0	1	0.012	0.886	0.102
0	0	0.979	0.007	0.014
0	0	0.947	0.003	0.05
0	0	0.975	0.001	0.024
1	0	0.827	0.031	0.142
2	2	0.341	0.264	0.395
1	2	0.316	0.317	0.367
1	0	0.745	0.186	0.069
0	0	0.981	0.016	0.003
0	0	0.824	0.164	0.012
0	1	0.031	0.827	0.142
0	1	0.103	0.655	0.242
0	0	0.939	0.028	0.034
0	0	0.979	0.003	0.019
0	0	0.648	0.15	0.202
1	2	0.008	0	0.992
2	0	0.969	0.011	0.02
1	0	0.998	0.001	0.001
0	2	0.002	0.002	0.996
2	0	0.793	0.088	0.119
0	1	0.193	0.793	0.014
1	0	0.965	0.008	0.028
2	2	0.215	0.175	0.61
1	2	0.002	0	0.998
1	1	0.068	0.931	0.001
2	2	0.115	0.025	0.861
1	1	0.334	0.378	0.288
0	1	0.269	0.728	0.002
0	0	0.617	0.375	0.008
2	2	0.07	0.152	0.778
0	1	0.456	0.492	0.052
0	0	0.948	0.004	0.049
2	2	0.213	0.056	0.732
0	0	0.734	0.022	0.244
0	1	0.405	0.563	0.032
0	0	0.863	0.108	0.028
0	1	0.309	0.349	0.342
0	0	0.649	0.162	0.189
0	0	0.992	0	0.008
0	0	0.73	0.131	0.139
0	1	0.082	0.677	0.241
0	0	0.868	0.016	0.116
0	0	0.679	0.192	0.13
0	0	0.906	0.004	0.091
0	0	0.73	0.103	0.167
1	2	0.169	0.342	0.489
0	2	0.364	0.01	0.626
0	1	0.176	0.783	0.041
0	0	0.884	0.002	0.114
0	2	0.238	0.13	0.632
1	1	0.03	0.688	0.281
0	2	0.118	0.016	0.867
1	0	0.39	0.367	0.243
0	2	0.484	0.019	0.497
0	0	0.996	0	0.004
1	1	0.038	0.774	0.187
0	0	0.83	0.118	0.052
0	1	0.072	0.921	0.006
0	0	0.891	0.009	0.101
0	0	0.368	0.273	0.359
0	2	0.101	0.366	0.533
0	2	0.308	0.009	0.682
0	0	0.506	0.387	0.108
0	0	0.591	0.02	0.389
0	1	0.349	0.465	0.187
1	1	0.039	0.76	0.201
0	0	0.965	0.025	0.01
0	2	0.098	0.044	0.858
0	0	0.882	0.012	0.105
0	0	0.632	0.139	0.229
0	2	0.102	0.202	0.696
0	0	0.914	0	0.086
0	0	0.544	0.172	0.284
0	0	0.73	0.003	0.267
0	1	0.174	0.815	0.011
0	2	0.05	0.185	0.765
0	0	0.998	0	0.002
0	0	0.72	0.082	0.198
0	2	0.002	0	0.998
0	1	0.319	0.473	0.209
0	2	0.016	0.015	0.969
1	0	0.854	0.004	0.141
2	1	0.01	0.809	0.181
0	0	0.876	0.019	0.105
1	1	0.27	0.399	0.331
0	2	0.002	0.033	0.964
0	0	0.997	0	0.003
0	0	0.713	0.147	0.14
0	0	0.927	0.004	0.069
0	1	0.003	0.945	0.053
1	2	0.005	0.149	0.846
0	0	0.977	0	0.023
0	0	0.424	0.231	0.345
0	0	0.904	0.002	0.094
0	1	0.025	0.836	0.139
0	2	0.101	0.283	0.615
0	1	0.018	0.613	0.368
0	0	0.51	0.354	0.136
0	2	0.279	0.007	0.714
0	1	0.029	0.831	0.14
1	2	0.005	0.453	0.543
0	1	0.001	0.973	0.026
0	1	0.255	0.735	0.01
0	0	0.83	0.023	0.148
0	2	0.378	0.083	0.539
0	2	0.021	0.036	0.943
0	0	0.754	0.074	0.171
0	1	0.299	0.687	0.015
0	2	0.351	0.038	0.61
0	1	0.349	0.491	0.16
0	1	0.025	0.768	0.207
0	0	0.986	0	0.014
1	0	0.475	0.233	0.293
0	2	0.139	0.002	0.858
0	1	0.068	0.752	0.18
0	2	0.151	0.245	0.605
0	0	0.922	0.001	0.077
0	0	0.493	0.395	0.111
0	0	0.862	0.007	0.132
0	0	0.851	0.114	0.034
0	2	0.053	0.024	0.923
2	2	0.005	0.008	0.987
1	0	0.503	0.218	0.279
0	0	0.929	0.002	0.068
0	1	0.025	0.911	0.064
0	2	0.07	0.255	0.675
0	2	0.277	0.008	0.715
0	1	0.446	0.48	0.074
0	2	0.164	0.016	0.82
0	1	0.272	0.66	0.068
1	1	0.395	0.45	0.155
0	0	0.622	0.042	0.336
0	0	0.952	0.004	0.044
0	0	0.489	0.386	0.125
1	1	0.338	0.46	0.202
0	1	0.025	0.872	0.103
0	2	0.018	0.022	0.96
1	1	0.093	0.838	0.069
0	0	0.499	0.171	0.33
1	1	0.011	0.892	0.097
0	1	0.259	0.736	0.005
0	0	0.976	0.006	0.018
0	0	0.887	0.013	0.1
0	0	0.622	0.009	0.369
0	1	0.347	0.371	0.282
0	1	0.036	0.823	0.141
0	1	0.141	0.852	0.008
1	1	0.323	0.669	0.008
0	0	0.99	0	0.01
0	1	0.108	0.787	0.106
0	2	0.017	0.03	0.953
0	0	0.944	0	0.056
0	0	0.803	0.075	0.121
0	2	0.013	0.028	0.959
0	1	0.275	0.707	0.018
0	2	0.054	0.039	0.907
0	2	0.254	0.125	0.62
0	0	0.924	0.008	0.068
0	0	0.827	0.01	0.162
0	0	0.476	0.355	0.169
0	2	0.016	0.374	0.61
0	2	0.423	0.014	0.563
0	0	0.503	0.197	0.3
0	0	0.987	0	0.013
0	1	0.006	0.931	0.063
0	2	0.205	0.3	0.494
0	0	0.996	0.001	0.003
0	0	0.701	0.181	0.118
0	0	0.989	0	0.011
1	1	0.01	0.902	0.088
0	1	0.041	0.682	0.278
0	0	0.55	0.024	0.426
1	0	0.786	0.048	0.166
0	0	0.943	0.004	0.054
0	1	0.394	0.546	0.06
0	2	0.084	0.262	0.655
0	0	0.987	0	0.013
0	0	0.907	0.011	0.082
0	0	0.972	0.002	0.026
0	1	0	0.991	0.009
0	1	0.145	0.639	0.216
0	0	0.889	0.01	0.102
0	0	0.895	0.01	0.096
0	0	0.688	0.015	0.297
0	0	0.563	0.327	0.11
1	1	0.004	0.904	0.092
2	2	0.001	0.037	0.962
2	2	0.095	0.046	0.858
0	0	0.777	0.013	0.21
2	2	0.163	0.28	0.557
0	2	0.174	0.402	0.424
0	2	0.036	0.025	0.939
0	0	0.735	0.083	0.182
0	0	0.938	0.003	0.059
0	1	0.044	0.796	0.16
0	0	0.517	0.315	0.167
0	0	0.941	0.019	0.04
0	0	0.588	0.398	0.014
0	0	0.943	0.003	0.054
0	0	0.948	0.016	0.036
0	1	0.046	0.546	0.409
0	0	0.861	0.004	0.135
1	2	0.077	0.21	0.713
0	0	0.989	0	0.011
0	1	0.459	0.465	0.076
0	1	0.055	0.721	0.224
0	1	0.319	0.658	0.023
0	1	0.016	0.983	0
0	0	0.584	0.249	0.167
0	0	0.709	0.064	0.228
0	1	0.062	0.68	0.259
0	0	0.878	0.023	0.099
0	0	0.932	0.008	0.06
0	0	0.931	0.001	0.068
1	1	0.04	0.943	0.017
0	0	0.613	0.343	0.044
1	0	0.753	0.232	0.016
0	0	0.772	0.222	0.006
0	0	0.981	0	0.019
0	2	0.033	0.262	0.705
0	1	0.061	0.841	0.098
0	2	0.39	0.197	0.413
1	0	0.555	0.382	0.063
0	2	0.004	0	0.996
0	2	0.12	0.188	0.692
0	1	0.204	0.665	0.131
0	0	0.992	0	0.008
0	0	0.927	0.004	0.068
0	0	0.546	0.057	0.397
0	0	0.52	0.341	0.14
1	1	0.002	0.947	0.051
2	2	0.111	0.007	0.883
2	1	0.012	0.659	0.328
0	0	0.797	0.034	0.169
2	1	0.181	0.661	0.158
0	1	0.025	0.829	0.146
0	0	0.81	0.041	0.149
1	0	0.477	0.251	0.271
0	0	0.947	0.001	0.052
1	0	0.643	0.233	0.124
