0	1	0.341	0.542	0.118
2	0	0.575	0.162	0.263
0	0	0.597	0.353	0.049
0	0	0.635	0.22	0.145
0	0	0.603	0.285	0.113
0	1	0.186	0.713	0.101
0	2	0.014	0.016	0.97
0	1	0.358	0.605	0.037
0	0	0.486	0.106	0.407
1	1	0.16	0.548	0.292
0	2	0.034	0.119	0.847
0	0	0.615	0.224	0.161
0	0	0.827	0.064	0.109
0	2	0.224	0.365	0.411
0	2	0.044	0.391	0.566
0	0	0.971	0.007	0.022
0	0	0.945	0.036	0.019
0	0	0.587	0.302	0.111
2	2	0.261	0.349	0.391
0	0	0.74	0.176	0.083
1	2	0.031	0.165	0.804
0	0	0.683	0.297	0.021
0	2	0.097	0.288	0.615
0	1	0.108	0.638	0.255
0	0	0.817	0.074	0.109
0	2	0.208	0.33	0.462
0	0	0.462	0.345	0.193
0	0	0.686	0.096	0.218
0	0	0.843	0.011	0.146
0	0	0.916	0.055	0.029
0	2	0.327	0.321	0.352
0	1	0.064	0.697	0.239
0	1	0.211	0.714	0.075
0	0	0.897	0.035	0.068
0	1	0.345	0.372	0.282
0	1	0.278	0.676	0.046
0	2	0.197	0.281	0.522
0	0	0.626	0.196	0.178
0	1	0.381	0.489	0.13
0	0	0.861	0.053	0.086
0	1	0.365	0.404	0.231
2	0	0.596	0.321	0.083
2	2	0.195	0.074	0.731
0	1	0.1	0.73	0.17
0	0	0.946	0.037	0.017
0	0	0.845	0.103	0.052
0	0	0.552	0.255	0.193
0	0	0.898	0.045	0.057
0	0	0.841	0.148	0.011
0	0	0.827	0.092	0.081
0	0	0.801	0.098	0.101
0	0	0.851	0.027	0.123
1	0	0.557	0.238	0.205
2	1	0.417	0.538	0.045
1	0	0.441	0.277	0.282
2	0	0.78	0.076	0.145
1	0	0.605	0.389	0.005
0	0	0.851	0.03	0.119
2	0	0.732	0.192	0.077
0	1	0.214	0.773	0.013
1	2	0.268	0.017	0.715
1	0	0.646	0.339	0.015
2	0	0.398	0.373	0.229
0	0	0.92	0.06	0.02
2	1	0.209	0.706	0.085
0	0	0.858	0.044	0.098
0	0	0.547	0.33	0.123
0	1	0.213	0.708	0.079
0	0	0.822	0.073	0.105
0	0	0.404	0.209	0.387
0	0	0.781	0.187	0.032
1	0	0.417	0.301	0.281
0	1	0.012	0.924	0.064
0	0	0.742	0.052	0.205
0	0	0.4	0.212	0.388
0	0	0.973	0.022	0.005
0	0	0.61	0.316	0.074
0	1	0.063	0.691	0.246
0	0	0.82	0.038	0.142
1	1	0.076	0.652	0.272
0	0	0.771	0.203	0.025
0	0	0.907	0.057	0.035
0	0	0.613	0.024	0.363
0	1	0.118	0.818	0.065
0	2	0.149	0.003	0.848
0	2	0.125	0.011	0.863
0	0	0.526	0.408	0.066
0	1	0.099	0.521	0.379
1	1	0.202	0.525	0.273
0	0	0.81	0.073	0.116
0	0	0.861	0.031	0.109
0	1	0.098	0.784	0.117
0	0	0.842	0.045	0.112
0	1	0.228	0.566	0.206
1	1	0.252	0.654	0.094
0	0	0.677	0.024	0.299
0	1	0.229	0.676	0.096
0	0	0.74	0.194	0.067
0	0	0.841	0.05	0.109
0	0	0.795	0.06	0.145
0	0	0.578	0.346	0.077
0	0	0.525	0.365	0.11
2	2	0.019	0.137	0.844
1	1	0.347	0.555	0.098
0	0	0.678	0.106	0.216
0	0	0.705	0.096	0.2
1	1	0.389	0.584	0.028
0	0	0.55	0.36	0.09
0	1	0.307	0.611	0.083
0	0	0.742	0.188	0.07
0	0	0.612	0.022	0.366
0	0	0.451	0.44	0.109
0	0	0.599	0.198	0.202
0	2	0.317	0.18	0.502
0	1	0.233	0.732	0.035
0	0	0.633	0.287	0.08
0	1	0.18	0.574	0.246
0	1	0.252	0.589	0.159
0	0	0.865	0.017	0.118
0	1	0.036	0.883	0.081
0	1	0.291	0.667	0.043
0	0	0.731	0.048	0.221
0	1	0.461	0.462	0.077
0	0	0.726	0.107	0.166
1	1	0.466	0.477	0.057
0	0	0.519	0.34	0.141
0	1	0.409	0.519	0.072
0	1	0.101	0.458	0.441
1	1	0.026	0.813	0.161
2	2	0.001	0.128	0.871
2	1	0.224	0.422	0.354
0	0	0.87	0.042	0.088
0	0	0.481	0.327	0.191
0	0	0.867	0.05	0.083
0	1	0.314	0.511	0.175
0	1	0.402	0.425	0.174
0	0	0.478	0.27	0.253
0	0	0.797	0.11	0.093
0	1	0.285	0.629	0.086
0	0	0.674	0.128	0.198
0	0	0.95	0.01	0.04
0	1	0.244	0.751	0.005
0	2	0.474	0.012	0.514
0	2	0.298	0.35	0.351
0	0	0.639	0.356	0.005
0	0	0.64	0.154	0.206
1	1	0.13	0.79	0.08
0	1	0.189	0.687	0.124
0	0	0.925	0.016	0.06
