0	0	0.532	0.362	0.106
2	2	0.297	0.239	0.463
0	0	0.85	0.129	0.02
0	1	0.397	0.413	0.19
0	0	0.457	0.375	0.168
0	1	0.24	0.632	0.128
0	2	0.044	0.015	0.94
0	1	0.035	0.919	0.046
0	2	0.17	0.066	0.764
1	1	0.14	0.492	0.368
0	2	0.089	0.111	0.8
0	0	0.626	0.171	0.203
0	0	0.674	0.098	0.228
0	1	0.051	0.49	0.46
0	2	0.091	0.364	0.545
0	0	0.905	0.027	0.068
0	0	0.853	0.095	0.053
0	0	0.752	0.185	0.063
2	0	0.376	0.266	0.358
0	0	0.962	0.022	0.016
1	2	0.037	0.17	0.793
0	0	0.68	0.294	0.026
0	2	0.131	0.203	0.666
0	0	0.452	0.388	0.16
0	0	0.928	0.027	0.045
0	0	0.654	0.106	0.24
0	1	0.3	0.429	0.271
0	0	0.698	0.1	0.201
0	0	0.864	0.018	0.118
0	0	0.706	0.202	0.092
0	0	0.409	0.277	0.313
0	0	0.655	0.257	0.088
0	1	0.38	0.585	0.035
0	0	0.924	0.024	0.052
0	0	0.6	0.308	0.092
0	1	0.168	0.733	0.099
0	2	0.138	0.268	0.594
0	0	0.592	0.234	0.174
0	0	0.476	0.388	0.136
0	0	0.667	0.131	0.202
0	0	0.666	0.244	0.089
2	1	0.388	0.457	0.155
2	2	0.339	0.103	0.557
0	0	0.567	0.366	0.067
0	0	0.794	0.127	0.079
0	0	0.789	0.137	0.074
0	0	0.475	0.213	0.312
0	0	0.809	0.087	0.104
0	1	0.115	0.845	0.04
0	0	0.878	0.058	0.064
0	0	0.873	0.053	0.073
0	0	0.81	0.041	0.148
1	0	0.799	0.079	0.122
2	1	0.311	0.64	0.049
1	0	0.658	0.151	0.191
2	0	0.688	0.115	0.197
1	1	0.376	0.602	0.022
0	0	0.597	0.133	0.27
2	0	0.776	0.154	0.07
0	1	0.339	0.642	0.019
1	0	0.521	0.026	0.452
1	0	0.497	0.474	0.03
2	0	0.505	0.296	0.199
0	0	0.882	0.089	0.029
2	0	0.459	0.452	0.089
0	0	0.706	0.086	0.207
0	1	0.121	0.639	0.241
0	1	0.178	0.728	0.094
0	0	0.959	0.015	0.026
0	0	0.579	0.196	0.225
0	0	0.456	0.453	0.09
1	0	0.672	0.177	0.15
0	1	0.01	0.933	0.057
0	0	0.905	0.019	0.076
0	0	0.639	0.124	0.237
0	0	0.886	0.094	0.019
0	0	0.468	0.444	0.089
0	1	0.018	0.772	0.21
0	0	0.7	0.085	0.215
1	1	0.048	0.714	0.238
0	0	0.941	0.051	0.008
0	0	0.838	0.096	0.066
0	2	0.193	0.033	0.774
0	1	0.085	0.867	0.048
0	2	0.072	0.001	0.928
0	0	0.609	0.016	0.375
0	1	0.327	0.584	0.089
0	0	0.732	0.154	0.114
1	0	0.39	0.369	0.241
0	0	0.515	0.21	0.275
0	0	0.805	0.054	0.141
0	1	0.056	0.817	0.127
0	0	0.509	0.117	0.374
0	1	0.383	0.447	0.169
1	1	0.271	0.643	0.086
0	2	0.424	0.032	0.544
0	1	0.194	0.752	0.053
0	1	0.277	0.532	0.191
0	0	0.618	0.127	0.255
0	0	0.829	0.037	0.134
0	0	0.752	0.196	0.052
0	0	0.456	0.425	0.119
2	2	0.015	0.141	0.844
1	1	0.247	0.667	0.086
0	0	0.851	0.048	0.101
0	0	0.68	0.085	0.235
1	0	0.757	0.222	0.021
0	0	0.86	0.119	0.02
0	0	0.497	0.441	0.062
0	0	0.758	0.165	0.077
0	2	0.112	0.018	0.87
0	1	0.362	0.499	0.138
0	0	0.465	0.269	0.267
0	0	0.501	0.09	0.408
0	1	0.17	0.745	0.085
0	0	0.605	0.312	0.083
0	1	0.159	0.537	0.304
0	1	0.273	0.582	0.146
0	0	0.924	0.009	0.066
0	1	0.062	0.814	0.124
0	0	0.609	0.366	0.025
0	0	0.747	0.054	0.199
0	1	0.35	0.537	0.113
0	0	0.49	0.285	0.224
1	1	0.288	0.628	0.084
0	0	0.748	0.165	0.088
0	1	0.429	0.517	0.054
0	0	0.763	0.135	0.102
1	1	0.072	0.799	0.129
2	2	0.003	0.1	0.897
2	1	0.231	0.406	0.364
0	0	0.752	0.097	0.151
0	1	0.117	0.585	0.297
0	0	0.786	0.083	0.131
0	0	0.454	0.426	0.119
0	0	0.528	0.389	0.083
0	0	0.782	0.125	0.093
0	0	0.819	0.108	0.073
0	1	0.375	0.519	0.106
0	2	0.366	0.21	0.424
0	0	0.867	0.025	0.107
0	1	0.291	0.706	0.003
0	2	0.246	0.004	0.75
0	0	0.473	0.229	0.298
0	1	0.435	0.549	0.016
0	0	0.599	0.195	0.205
1	1	0.073	0.71	0.217
0	1	0.241	0.693	0.066
0	0	0.856	0.026	0.118
