0	0	0.532	0.362	0.106
0	1	0.063	0.882	0.055
2	2	0.03	0.362	0.608
2	2	0.297	0.239	0.463
1	2	0.077	0.303	0.621
0	1	0.434	0.543	0.023
0	2	0.134	0.386	0.48
0	2	0.075	0.275	0.65
0	0	0.725	0.162	0.113
0	0	0.898	0.085	0.017
0	0	0.85	0.129	0.02
0	0	0.5	0.221	0.279
0	0	0.667	0.24	0.094
0	1	0.397	0.413	0.19
0	0	0.457	0.375	0.168
0	1	0.24	0.632	0.128
0	2	0.044	0.015	0.94
0	1	0.035	0.919	0.046
0	2	0.17	0.066	0.764
1	1	0.074	0.81	0.116
1	1	0.14	0.492	0.368
0	2	0.089	0.111	0.8
1	1	0.296	0.53	0.174
0	0	0.626	0.171	0.203
0	2	0.252	0.311	0.437
0	0	0.597	0.242	0.161
0	2	0.155	0.388	0.457
1	1	0.074	0.639	0.287
0	0	0.674	0.098	0.228
0	0	0.544	0.305	0.151
0	1	0.051	0.49	0.46
0	2	0.091	0.364	0.545
1	2	0.016	0.178	0.806
0	0	0.905	0.027	0.068
0	0	0.853	0.095	0.053
2	2	0.175	0.4	0.425
2	2	0.087	0.052	0.862
2	1	0.181	0.644	0.175
0	0	0.752	0.185	0.063
0	1	0.325	0.635	0.04
2	0	0.376	0.266	0.358
1	2	0.018	0.465	0.518
1	1	0.091	0.889	0.019
0	0	0.962	0.022	0.016
0	0	0.801	0.092	0.107
1	2	0.037	0.17	0.793
0	0	0.657	0.238	0.105
0	2	0.141	0.372	0.488
0	0	0.482	0.177	0.341
0	0	0.68	0.294	0.026
0	2	0.131	0.203	0.666
0	0	0.452	0.388	0.16
0	0	0.928	0.027	0.045
0	0	0.654	0.106	0.24
0	1	0.3	0.429	0.271
0	1	0.248	0.521	0.231
0	2	0.05	0.108	0.842
0	0	0.698	0.1	0.201
0	0	0.864	0.018	0.118
0	0	0.895	0.084	0.022
0	0	0.47	0.294	0.236
0	1	0.05	0.644	0.306
0	1	0.333	0.631	0.036
0	0	0.706	0.202	0.092
0	0	0.409	0.277	0.313
0	0	0.655	0.257	0.088
0	1	0.38	0.585	0.035
2	2	0.044	0.274	0.682
0	0	0.924	0.024	0.052
0	0	0.6	0.308	0.092
0	1	0.168	0.733	0.099
0	2	0.138	0.268	0.594
1	2	0.037	0.417	0.546
0	0	0.702	0.018	0.281
0	1	0.388	0.478	0.134
0	0	0.596	0.233	0.17
1	1	0.004	0.872	0.124
2	1	0.031	0.821	0.148
0	0	0.536	0.336	0.128
0	1	0.057	0.502	0.441
1	0	0.465	0.394	0.142
0	1	0.018	0.918	0.064
1	1	0.074	0.775	0.151
0	0	0.455	0.154	0.391
1	1	0.289	0.592	0.119
0	0	0.592	0.234	0.174
0	2	0.004	0.179	0.817
0	1	0.471	0.515	0.013
0	0	0.749	0.017	0.235
0	1	0.398	0.415	0.187
0	0	0.568	0.402	0.03
0	0	0.476	0.388	0.136
0	1	0.054	0.792	0.154
0	2	0.377	0.092	0.532
0	0	0.628	0.267	0.104
0	1	0.438	0.511	0.051
0	0	0.892	0.041	0.067
0	0	0.744	0.079	0.177
0	0	0.667	0.131	0.202
0	0	0.666	0.244	0.089
2	1	0.388	0.457	0.155
0	1	0.156	0.713	0.131
1	1	0.003	0.695	0.301
2	2	0.339	0.103	0.557
2	2	0.008	0.154	0.838
0	0	0.637	0.328	0.035
0	0	0.811	0.081	0.108
0	1	0.287	0.697	0.016
0	0	0.978	0.007	0.015
0	0	0.461	0.385	0.154
0	0	0.6	0.358	0.042
0	1	0.213	0.499	0.288
0	0	0.567	0.366	0.067
0	0	0.794	0.127	0.079
0	0	0.789	0.137	0.074
0	0	0.565	0.403	0.031
0	0	0.381	0.335	0.284
0	1	0.228	0.708	0.064
0	0	0.487	0.13	0.382
0	0	0.774	0.104	0.122
2	2	0.15	0.42	0.43
0	0	0.508	0.418	0.074
0	1	0.016	0.975	0.009
0	0	0.692	0.038	0.27
0	0	0.475	0.213	0.312
0	1	0.48	0.484	0.036
0	1	0.479	0.492	0.029
0	1	0.261	0.718	0.021
0	0	0.925	0.016	0.06
0	0	0.809	0.087	0.104
0	1	0.115	0.845	0.04
0	0	0.878	0.058	0.064
0	0	0.873	0.053	0.073
0	0	0.81	0.041	0.148
1	0	0.799	0.079	0.122
2	1	0.311	0.64	0.049
1	1	0.082	0.675	0.243
1	0	0.705	0.193	0.102
0	0	0.971	0.008	0.021
0	1	0.389	0.603	0.008
0	1	0.113	0.859	0.028
0	1	0.26	0.599	0.142
0	1	0.324	0.673	0.004
0	0	0.725	0.204	0.071
0	0	0.717	0.183	0.1
1	0	0.658	0.151	0.191
2	0	0.688	0.115	0.197
1	1	0.376	0.602	0.022
0	0	0.597	0.133	0.27
2	0	0.776	0.154	0.07
0	1	0.339	0.642	0.019
1	0	0.635	0.183	0.182
2	1	0.032	0.893	0.075
1	0	0.521	0.026	0.452
1	0	0.497	0.474	0.03
2	0	0.505	0.296	0.199
1	0	0.561	0.143	0.296
0	1	0.05	0.847	0.103
0	0	0.882	0.089	0.029
2	0	0.459	0.452	0.089
0	1	0.429	0.501	0.07
0	2	0.207	0.261	0.532
2	2	0.028	0.037	0.935
0	0	0.706	0.086	0.207
0	1	0.401	0.489	0.111
0	0	0.785	0.202	0.012
0	1	0.121	0.639	0.241
0	1	0.178	0.728	0.094
0	0	0.959	0.015	0.026
0	0	0.579	0.196	0.225
0	1	0.234	0.67	0.096
0	0	0.456	0.453	0.09
0	1	0.137	0.657	0.206
0	0	0.921	0.006	0.074
0	0	0.774	0.178	0.048
1	0	0.672	0.177	0.15
0	2	0.164	0.121	0.715
0	1	0.01	0.933	0.057
0	0	0.905	0.019	0.076
0	0	0.639	0.124	0.237
1	1	0.063	0.673	0.263
0	0	0.639	0.135	0.225
1	1	0.193	0.683	0.124
0	0	0.544	0.077	0.379
0	0	0.886	0.094	0.019
1	1	0.098	0.591	0.311
0	0	0.715	0.246	0.039
0	1	0.07	0.855	0.075
0	0	0.734	0.084	0.182
0	0	0.468	0.444	0.089
0	1	0.018	0.772	0.21
0	0	0.579	0.133	0.288
0	1	0.167	0.739	0.094
0	0	0.7	0.085	0.215
0	0	0.418	0.417	0.166
1	1	0.048	0.714	0.238
0	0	0.941	0.051	0.008
0	1	0.391	0.423	0.187
0	0	0.838	0.096	0.066
0	0	0.673	0.192	0.135
0	1	0.172	0.428	0.4
0	0	0.925	0.005	0.07
0	1	0.164	0.549	0.286
0	2	0.193	0.033	0.774
0	1	0.085	0.867	0.048
0	1	0.187	0.442	0.371
0	2	0.072	0.001	0.928
0	1	0.197	0.745	0.059
0	0	0.609	0.016	0.375
0	1	0.327	0.584	0.089
0	0	0.732	0.154	0.114
1	0	0.49	0.1	0.41
2	1	0.025	0.814	0.161
0	0	0.41	0.192	0.398
1	0	0.39	0.369	0.241
0	1	0.192	0.432	0.376
0	0	0.935	0.03	0.036
0	0	0.518	0.449	0.033
0	0	0.515	0.21	0.275
0	1	0.126	0.8	0.073
1	2	0.158	0.364	0.478
0	0	0.97	0.005	0.025
0	1	0.145	0.813	0.042
0	0	0.805	0.054	0.141
0	1	0.056	0.817	0.127
0	1	0.283	0.61	0.107
0	1	0.108	0.522	0.37
0	1	0.251	0.684	0.065
0	2	0.041	0.008	0.951
0	1	0.207	0.718	0.075
1	1	0.183	0.517	0.3
0	1	0.015	0.878	0.107
0	1	0.076	0.846	0.077
0	0	0.766	0.104	0.13
0	2	0.218	0.239	0.544
0	1	0.288	0.608	0.104
0	1	0.399	0.419	0.182
0	1	0.478	0.502	0.02
0	0	0.509	0.117	0.374
0	1	0.383	0.447	0.169
0	1	0.235	0.685	0.08
0	0	0.859	0.056	0.085
1	1	0.271	0.643	0.086
0	2	0.424	0.032	0.544
0	1	0.194	0.752	0.053
0	1	0.277	0.532	0.191
0	0	0.618	0.127	0.255
0	1	0.465	0.474	0.062
0	0	0.829	0.037	0.134
0	0	0.752	0.196	0.052
0	0	0.456	0.425	0.119
2	2	0.015	0.141	0.844
1	1	0.247	0.667	0.086
0	0	0.851	0.048	0.101
0	1	0.077	0.846	0.077
0	1	0.27	0.449	0.281
0	0	0.452	0.204	0.343
0	1	0.102	0.862	0.036
0	0	0.68	0.085	0.235
0	0	0.495	0.473	0.032
1	0	0.757	0.222	0.021
0	1	0.385	0.438	0.176
0	0	0.86	0.119	0.02
0	0	0.497	0.441	0.062
1	1	0.435	0.492	0.073
0	1	0.329	0.616	0.055
0	2	0.05	0.401	0.549
1	1	0.026	0.848	0.126
0	0	0.758	0.165	0.077
1	1	0.178	0.654	0.169
0	0	0.543	0.449	0.009
0	0	0.831	0.089	0.079
0	0	0.658	0.325	0.017
0	2	0.112	0.018	0.87
0	1	0.362	0.499	0.138
0	1	0.17	0.81	0.02
0	1	0.226	0.754	0.02
1	1	0.181	0.754	0.066
0	0	0.95	0.026	0.024
0	1	0.284	0.69	0.026
0	0	0.465	0.269	0.267
0	0	0.501	0.09	0.408
0	1	0.264	0.473	0.263
0	2	0.223	0.133	0.644
0	1	0.17	0.745	0.085
0	0	0.605	0.312	0.083
0	1	0.147	0.553	0.3
0	0	0.498	0.469	0.033
0	0	0.747	0.083	0.17
0	1	0.427	0.472	0.101
0	1	0.159	0.537	0.304
0	0	0.725	0.094	0.181
0	1	0.273	0.582	0.146
0	0	0.924	0.009	0.066
0	1	0.062	0.814	0.124
0	0	0.538	0.402	0.06
0	0	0.912	0.053	0.035
0	0	0.609	0.366	0.025
0	0	0.747	0.054	0.199
1	1	0.408	0.567	0.025
0	1	0.35	0.537	0.113
0	0	0.49	0.285	0.224
1	1	0.288	0.628	0.084
0	0	0.748	0.165	0.088
0	1	0.429	0.517	0.054
0	0	0.763	0.135	0.102
0	0	0.863	0.075	0.062
0	0	0.79	0.167	0.043
0	0	0.781	0.076	0.143
0	1	0.014	0.905	0.081
0	1	0.415	0.575	0.01
0	0	0.467	0.303	0.23
0	0	0.685	0.282	0.032
0	0	0.841	0.027	0.133
0	1	0.326	0.609	0.065
1	1	0.072	0.799	0.129
2	2	0.003	0.1	0.897
2	1	0.231	0.406	0.364
0	0	0.752	0.097	0.151
2	1	0.388	0.484	0.128
0	1	0.117	0.585	0.297
0	1	0.249	0.412	0.338
0	1	0.344	0.549	0.107
0	0	0.786	0.083	0.131
0	1	0.179	0.757	0.064
0	0	0.454	0.426	0.119
0	0	0.528	0.389	0.083
0	0	0.573	0.346	0.08
0	0	0.782	0.125	0.093
0	0	0.819	0.108	0.073
0	1	0.375	0.519	0.106
0	0	0.841	0.073	0.085
1	1	0.05	0.724	0.227
0	0	0.892	0.03	0.077
0	1	0.252	0.641	0.107
0	1	0.273	0.611	0.117
0	1	0.192	0.791	0.017
0	1	0.19	0.794	0.015
0	0	0.823	0.15	0.027
0	2	0.366	0.21	0.424
0	1	0.375	0.591	0.034
0	0	0.654	0.269	0.077
0	0	0.81	0.159	0.031
0	0	0.953	0.004	0.043
1	1	0.145	0.811	0.044
0	1	0.064	0.894	0.042
1	1	0.269	0.514	0.217
0	0	0.505	0.416	0.079
0	0	0.867	0.025	0.107
0	2	0.016	0.146	0.838
0	1	0.291	0.706	0.003
0	1	0.182	0.643	0.175
1	1	0.153	0.747	0.1
0	2	0.246	0.004	0.75
0	0	0.473	0.229	0.298
0	1	0.435	0.549	0.016
0	0	0.921	0.044	0.035
0	0	0.638	0.214	0.148
0	0	0.599	0.195	0.205
0	0	0.493	0.317	0.19
1	1	0.073	0.71	0.217
2	2	0.157	0.182	0.66
2	1	0.007	0.754	0.239
0	0	0.507	0.31	0.182
2	1	0.367	0.576	0.057
0	1	0.241	0.693	0.066
0	0	0.447	0.292	0.261
1	1	0.128	0.744	0.128
0	0	0.856	0.026	0.118
1	0	0.645	0.306	0.049
