0	1	0.071	0.87	0.058
2	2	0.032	0.35	0.618
1	2	0.061	0.322	0.617
0	1	0.216	0.72	0.064
0	0	0.564	0.194	0.242
0	2	0.297	0.268	0.435
0	0	0.428	0.386	0.185
0	0	0.662	0.27	0.068
0	0	0.54	0.21	0.25
0	0	0.827	0.138	0.036
1	1	0.376	0.523	0.101
1	1	0.143	0.629	0.227
0	0	0.582	0.13	0.288
0	0	0.393	0.305	0.302
0	1	0.07	0.468	0.462
1	1	0.009	0.703	0.288
0	0	0.463	0.353	0.184
1	2	0.001	0.182	0.817
2	1	0.132	0.514	0.354
2	2	0.086	0.118	0.796
2	1	0.212	0.5	0.288
0	1	0.306	0.62	0.074
1	1	0.043	0.485	0.471
1	1	0.145	0.81	0.045
0	0	0.469	0.284	0.246
0	0	0.559	0.278	0.162
0	2	0.048	0.381	0.571
0	0	0.525	0.18	0.295
0	1	0.083	0.732	0.185
0	2	0.405	0.085	0.51
0	0	0.616	0.319	0.065
0	1	0.272	0.38	0.349
0	1	0.342	0.357	0.302
0	1	0.121	0.848	0.03
2	2	0.027	0.249	0.725
1	2	0.087	0.414	0.499
0	2	0.385	0.016	0.599
0	0	0.635	0.268	0.097
0	0	0.407	0.361	0.232
1	1	0.065	0.867	0.068
2	1	0.018	0.839	0.143
0	0	0.458	0.388	0.154
0	1	0.232	0.495	0.273
1	1	0.222	0.512	0.266
0	1	0.106	0.885	0.009
1	1	0.028	0.839	0.133
0	0	0.696	0.113	0.192
1	0	0.559	0.392	0.049
0	2	0.005	0.189	0.806
0	1	0.375	0.606	0.019
0	0	0.757	0.023	0.22
0	0	0.413	0.403	0.184
0	0	0.535	0.445	0.02
0	1	0.216	0.707	0.077
0	0	0.6	0.108	0.291
0	0	0.807	0.13	0.063
0	1	0.291	0.673	0.036
0	0	0.876	0.048	0.076
0	0	0.509	0.17	0.321
0	1	0.431	0.516	0.052
1	1	0.015	0.667	0.318
2	2	0.014	0.137	0.85
0	1	0.387	0.569	0.044
0	0	0.917	0.034	0.049
0	1	0.125	0.851	0.024
0	0	0.951	0.015	0.033
0	1	0.316	0.435	0.249
0	0	0.542	0.433	0.025
0	1	0.382	0.392	0.226
0	1	0.226	0.681	0.093
0	0	0.831	0.091	0.078
0	0	0.59	0.359	0.051
0	2	0.069	0.178	0.753
0	0	0.525	0.234	0.241
2	2	0.076	0.396	0.527
0	0	0.666	0.278	0.055
0	1	0.076	0.911	0.013
0	0	0.625	0.04	0.335
0	1	0.446	0.505	0.049
0	1	0.239	0.736	0.025
0	1	0.035	0.927	0.037
0	0	0.989	0.002	0.009
1	1	0.084	0.675	0.241
1	0	0.481	0.36	0.159
0	0	0.968	0.008	0.024
0	1	0.423	0.566	0.011
0	1	0.437	0.462	0.101
0	1	0.096	0.519	0.385
0	0	0.57	0.428	0.002
0	0	0.868	0.096	0.036
0	0	0.543	0.331	0.126
1	2	0.33	0.332	0.338
2	1	0.012	0.93	0.059
1	2	0.375	0.244	0.381
0	1	0.08	0.783	0.137
0	0	0.558	0.411	0.031
0	0	0.77	0.123	0.107
2	2	0.158	0.03	0.812
0	0	0.485	0.461	0.054
0	0	0.52	0.451	0.029
0	0	0.672	0.295	0.034
0	0	0.633	0.284	0.083
0	0	0.803	0.028	0.169
0	0	0.505	0.378	0.116
0	2	0.242	0.101	0.657
1	1	0.147	0.677	0.176
0	0	0.772	0.091	0.136
1	1	0.165	0.706	0.129
0	0	0.595	0.081	0.324
1	1	0.267	0.538	0.196
0	0	0.801	0.166	0.033
0	1	0.044	0.852	0.104
0	0	0.828	0.056	0.116
0	0	0.545	0.172	0.283
0	1	0.122	0.769	0.109
0	1	0.278	0.532	0.191
0	1	0.304	0.439	0.257
0	0	0.568	0.259	0.173
0	0	0.403	0.331	0.266
0	0	0.926	0.003	0.07
0	1	0.218	0.628	0.154
0	1	0.327	0.451	0.222
0	1	0.33	0.618	0.052
1	2	0.276	0.24	0.484
2	1	0.006	0.836	0.158
0	0	0.641	0.132	0.227
0	1	0.161	0.422	0.417
0	0	0.883	0.052	0.065
0	1	0.392	0.556	0.052
0	1	0.156	0.782	0.062
1	2	0.041	0.439	0.52
0	0	0.896	0.019	0.086
0	1	0.151	0.778	0.071
0	1	0.264	0.608	0.128
0	1	0.089	0.538	0.373
0	1	0.288	0.635	0.077
0	0	0.692	0.01	0.298
0	1	0.076	0.832	0.093
1	1	0.004	0.779	0.216
0	1	0.007	0.884	0.11
0	0	0.669	0.282	0.049
0	0	0.698	0.137	0.165
0	2	0.188	0.236	0.576
0	1	0.331	0.506	0.163
0	0	0.523	0.311	0.166
0	1	0.281	0.696	0.023
0	1	0.183	0.706	0.11
0	0	0.789	0.089	0.122
0	1	0.266	0.673	0.06
0	1	0.155	0.815	0.03
0	0	0.482	0.35	0.168
0	0	0.831	0.061	0.108
0	1	0.027	0.891	0.082
0	1	0.215	0.765	0.019
0	0	0.601	0.245	0.154
1	1	0.462	0.483	0.054
0	1	0.127	0.84	0.033
0	2	0.141	0.327	0.532
1	1	0.087	0.818	0.095
1	1	0.355	0.503	0.143
0	0	0.652	0.34	0.008
0	0	0.789	0.108	0.103
0	0	0.58	0.388	0.031
0	1	0.241	0.739	0.02
0	1	0.388	0.588	0.024
1	1	0.176	0.797	0.027
0	0	0.973	0.015	0.012
0	1	0.267	0.705	0.028
0	1	0.243	0.525	0.232
0	0	0.497	0.031	0.473
0	1	0.127	0.524	0.349
0	0	0.502	0.455	0.043
0	0	0.925	0.024	0.051
0	1	0.344	0.522	0.134
0	0	0.823	0.061	0.116
0	1	0.17	0.774	0.057
0	0	0.739	0.166	0.095
1	0	0.55	0.423	0.027
0	0	0.748	0.15	0.103
0	0	0.733	0.207	0.06
0	2	0.338	0.174	0.488
0	1	0.003	0.923	0.074
0	0	0.848	0.148	0.004
0	0	0.494	0.352	0.155
0	0	0.785	0.189	0.026
0	2	0.238	0.214	0.549
0	0	0.503	0.387	0.109
2	1	0.429	0.482	0.089
0	0	0.488	0.302	0.211
0	1	0.443	0.48	0.076
0	1	0.115	0.816	0.069
0	0	0.497	0.42	0.083
0	0	0.723	0.139	0.138
1	1	0.106	0.588	0.306
0	0	0.919	0.025	0.056
0	1	0.188	0.702	0.11
0	0	0.583	0.303	0.114
0	0	0.859	0.134	0.007
0	1	0.279	0.692	0.028
0	0	0.914	0.07	0.016
0	0	0.496	0.468	0.036
0	0	0.807	0.151	0.042
0	0	0.613	0.321	0.065
0	0	0.927	0.007	0.066
1	1	0.16	0.8	0.041
0	1	0.016	0.851	0.133
1	0	0.695	0.238	0.067
0	1	0.349	0.598	0.054
0	2	0.025	0.124	0.851
0	1	0.091	0.634	0.275
1	1	0.313	0.599	0.088
0	0	0.916	0.048	0.035
0	0	0.629	0.224	0.146
0	0	0.688	0.211	0.101
2	0	0.626	0.071	0.303
2	1	0.061	0.689	0.249
0	0	0.549	0.211	0.239
2	1	0.34	0.593	0.066
0	0	0.498	0.287	0.215
1	1	0.414	0.461	0.125
1	0	0.607	0.359	0.034
