0	1	0.118	0.758	0.124
2	1	0.042	0.531	0.426
1	2	0.21	0.054	0.736
0	0	0.922	0.076	0.001
0	1	0.123	0.461	0.416
0	1	0.029	0.537	0.434
0	0	0.849	0.14	0.011
0	0	0.906	0.084	0.01
0	0	0.9	0.087	0.013
0	2	0.244	0.335	0.421
1	1	0.306	0.367	0.328
1	2	0.156	0.398	0.446
0	0	0.533	0.279	0.188
0	0	0.853	0.138	0.009
0	1	0.08	0.487	0.433
1	1	0.283	0.48	0.238
0	0	0.606	0.366	0.027
1	2	0.006	0.082	0.912
2	1	0.07	0.727	0.202
2	1	0.036	0.773	0.191
2	0	0.711	0.264	0.025
0	0	0.855	0.134	0.011
1	1	0.035	0.777	0.188
1	0	0.887	0.095	0.018
0	0	0.875	0.112	0.013
0	0	0.446	0.438	0.117
0	1	0.215	0.612	0.174
0	1	0.179	0.787	0.034
0	1	0.026	0.861	0.113
0	0	0.661	0.244	0.095
0	1	0.131	0.67	0.199
0	0	0.728	0.17	0.102
0	2	0.007	0.457	0.536
0	0	0.645	0.233	0.121
2	2	0.041	0.34	0.619
1	2	0.007	0.392	0.601
0	0	0.449	0.406	0.145
0	1	0.292	0.672	0.036
0	1	0.272	0.431	0.297
1	1	0.397	0.578	0.026
2	2	0.004	0.475	0.522
0	0	0.891	0.099	0.01
0	1	0.166	0.776	0.058
1	1	0.084	0.486	0.43
0	0	0.851	0.145	0.004
1	1	0.055	0.6	0.344
0	0	0.662	0.294	0.044
1	0	0.891	0.103	0.006
0	2	0.001	0.082	0.917
0	0	0.625	0.339	0.035
0	0	0.426	0.368	0.206
0	1	0.445	0.513	0.042
0	0	0.717	0.188	0.095
0	1	0.15	0.504	0.346
0	0	0.664	0.309	0.027
0	0	0.591	0.349	0.06
0	0	0.907	0.086	0.007
0	0	0.767	0.209	0.024
0	0	0.923	0.027	0.05
0	1	0.185	0.673	0.143
1	1	0.001	0.553	0.446
2	1	0.012	0.546	0.441
0	0	0.617	0.358	0.025
0	1	0.312	0.615	0.073
0	1	0.357	0.517	0.126
0	0	0.649	0.155	0.196
0	1	0.271	0.7	0.03
0	0	0.878	0.059	0.063
0	1	0.194	0.472	0.334
0	2	0.173	0.408	0.42
0	1	0.363	0.428	0.208
0	0	0.676	0.213	0.111
0	1	0.275	0.561	0.165
0	1	0.229	0.675	0.096
2	2	0.116	0.379	0.505
0	0	0.68	0.268	0.052
0	1	0.182	0.802	0.017
0	0	0.901	0.09	0.009
0	1	0.102	0.733	0.165
0	0	0.804	0.186	0.01
0	1	0.125	0.725	0.149
0	0	0.863	0.115	0.022
1	0	0.989	0.01	0.001
1	0	0.596	0.352	0.052
0	1	0.115	0.81	0.075
0	0	0.964	0.036	0.001
0	1	0.44	0.489	0.07
0	1	0.302	0.689	0.009
0	0	0.862	0.136	0.003
0	0	0.939	0.057	0.004
0	0	0.83	0.126	0.044
1	0	0.7	0.196	0.105
2	0	0.679	0.318	0.003
1	1	0.338	0.457	0.206
0	1	0.054	0.749	0.198
0	0	0.482	0.19	0.328
0	1	0.112	0.607	0.28
2	1	0.137	0.579	0.284
0	1	0.459	0.492	0.049
0	0	0.442	0.403	0.156
0	0	0.487	0.47	0.042
0	0	0.731	0.251	0.017
0	0	0.387	0.356	0.257
0	0	0.708	0.266	0.026
0	1	0.064	0.653	0.282
1	0	0.442	0.329	0.23
0	0	0.871	0.12	0.009
1	1	0.44	0.479	0.08
0	0	0.445	0.394	0.161
1	1	0.108	0.599	0.293
0	0	0.647	0.336	0.016
0	1	0.269	0.64	0.09
0	0	0.655	0.296	0.049
0	2	0.362	0.211	0.427
0	1	0.357	0.464	0.178
0	0	0.438	0.417	0.146
0	0	0.417	0.371	0.212
0	0	0.625	0.345	0.03
0	0	0.904	0.095	0.001
0	0	0.751	0.241	0.008
0	0	0.566	0.301	0.133
0	0	0.602	0.363	0.035
0	0	0.919	0.053	0.028
1	1	0.295	0.524	0.181
2	1	0.017	0.659	0.324
0	0	0.692	0.237	0.071
0	1	0.07	0.54	0.39
0	0	0.817	0.175	0.008
0	0	0.572	0.404	0.024
0	1	0.215	0.764	0.021
1	0	0.592	0.305	0.103
0	0	0.895	0.097	0.008
0	0	0.617	0.325	0.057
0	1	0.299	0.655	0.046
0	1	0.11	0.796	0.094
0	1	0.216	0.701	0.083
0	1	0.462	0.468	0.07
0	0	0.693	0.262	0.045
1	1	0.292	0.53	0.178
0	1	0.126	0.86	0.015
0	0	0.531	0.463	0.007
0	0	0.555	0.332	0.114
0	0	0.621	0.34	0.039
0	0	0.782	0.197	0.022
0	1	0.334	0.517	0.149
0	0	0.73	0.247	0.024
0	0	0.664	0.306	0.03
0	0	0.681	0.246	0.072
0	0	0.883	0.104	0.013
0	1	0.201	0.498	0.301
0	0	0.961	0.036	0.003
0	0	0.529	0.348	0.123
0	1	0.191	0.601	0.208
0	0	0.772	0.179	0.049
0	1	0.347	0.559	0.094
1	0	0.549	0.401	0.049
0	1	0.429	0.521	0.05
0	0	0.439	0.314	0.247
1	1	0.225	0.391	0.384
1	1	0.299	0.511	0.19
0	0	0.713	0.25	0.037
0	0	0.743	0.213	0.043
0	0	0.828	0.128	0.044
0	0	0.563	0.259	0.179
0	1	0.108	0.882	0.009
1	0	0.448	0.439	0.113
0	0	0.656	0.309	0.035
0	1	0.461	0.53	0.009
0	1	0.072	0.719	0.208
0	0	0.707	0.248	0.045
0	1	0.447	0.48	0.073
0	0	0.832	0.163	0.005
0	0	0.61	0.357	0.033
0	1	0.312	0.582	0.106
0	0	0.548	0.377	0.076
0	0	0.866	0.129	0.006
0	0	0.883	0.11	0.007
1	1	0.111	0.85	0.038
0	0	0.772	0.219	0.009
0	1	0.176	0.58	0.243
0	1	0.461	0.47	0.068
0	1	0.339	0.48	0.181
0	0	0.758	0.237	0.005
0	0	0.437	0.436	0.127
0	0	0.733	0.152	0.115
0	1	0.45	0.5	0.049
0	1	0.436	0.478	0.086
2	1	0.332	0.642	0.027
0	2	0.016	0.404	0.579
0	0	0.635	0.292	0.073
0	0	0.727	0.262	0.012
0	1	0.186	0.732	0.082
0	1	0.289	0.491	0.22
1	1	0.302	0.433	0.266
0	0	0.609	0.334	0.057
0	0	0.656	0.249	0.094
0	1	0.103	0.874	0.023
0	1	0.005	0.988	0.008
0	1	0.006	0.984	0.01
0	1	0.046	0.937	0.017
0	0	0.612	0.279	0.109
0	0	0.858	0.141	0.001
0	1	0.477	0.519	0.003
0	0	0.778	0.176	0.047
1	0	0.556	0.394	0.05
0	1	0.356	0.483	0.161
1	1	0.144	0.719	0.137
0	1	0.433	0.487	0.08
0	2	0.004	0.086	0.91
0	1	0.355	0.564	0.082
1	0	0.696	0.256	0.047
0	0	0.719	0.15	0.131
0	0	0.584	0.405	0.011
0	0	0.887	0.107	0.006
2	0	0.983	0.017	0
2	2	0.059	0.215	0.726
0	1	0.032	0.863	0.105
2	1	0.268	0.713	0.019
0	0	0.562	0.348	0.09
1	1	0.297	0.524	0.179
1	0	0.591	0.249	0.16
