0	0	0.971	0.028	0.001
2	1	0.027	0.658	0.315
0	0	0.853	0.142	0.005
0	0	0.785	0.205	0.01
0	0	0.653	0.321	0.025
0	0	0.605	0.358	0.038
0	1	0.208	0.594	0.198
0	0	0.902	0.097	0.001
0	0	0.531	0.413	0.056
1	0	0.513	0.426	0.061
0	1	0.217	0.591	0.192
0	0	0.765	0.224	0.011
0	0	0.587	0.351	0.062
0	0	0.733	0.242	0.025
0	0	0.457	0.435	0.108
0	0	0.75	0.228	0.022
0	0	0.775	0.208	0.018
0	0	0.923	0.073	0.004
2	0	0.808	0.176	0.016
0	0	0.98	0.019	0.001
1	1	0.159	0.753	0.088
0	0	0.757	0.235	0.008
0	1	0.159	0.75	0.091
0	0	0.741	0.251	0.008
0	0	0.85	0.147	0.003
0	0	0.611	0.374	0.015
0	0	0.74	0.252	0.008
0	0	0.919	0.08	0.001
0	0	0.692	0.3	0.008
0	0	0.874	0.121	0.005
0	0	0.713	0.269	0.018
0	0	0.553	0.388	0.059
0	0	0.895	0.102	0.003
0	0	0.679	0.291	0.03
0	0	0.813	0.177	0.01
0	1	0.466	0.528	0.005
0	1	0.333	0.657	0.009
0	0	0.736	0.251	0.014
0	0	0.82	0.173	0.006
0	0	0.703	0.288	0.009
0	0	0.645	0.343	0.012
2	0	0.678	0.293	0.029
2	1	0.342	0.543	0.114
0	0	0.76	0.231	0.01
0	0	0.708	0.278	0.014
0	0	0.802	0.191	0.007
0	0	0.767	0.227	0.006
0	1	0.384	0.599	0.018
0	0	0.866	0.13	0.004
0	0	0.929	0.07	0.001
0	0	0.947	0.052	0.001
0	0	0.795	0.196	0.009
1	0	0.649	0.328	0.023
2	0	0.839	0.156	0.006
1	0	0.655	0.331	0.014
2	0	0.852	0.145	0.003
1	0	0.961	0.039	0
0	0	0.85	0.147	0.003
2	0	0.738	0.254	0.009
0	0	0.872	0.126	0.002
1	0	0.784	0.21	0.006
1	0	0.811	0.185	0.005
2	0	0.782	0.212	0.007
0	0	0.822	0.174	0.004
2	0	0.783	0.21	0.006
0	0	0.609	0.365	0.026
0	0	0.58	0.394	0.025
0	1	0.462	0.48	0.057
0	0	0.592	0.385	0.023
0	0	0.582	0.393	0.025
0	0	0.619	0.362	0.018
1	0	0.865	0.128	0.007
0	0	0.529	0.423	0.049
0	0	0.896	0.1	0.005
0	0	0.914	0.083	0.004
0	0	0.947	0.052	0.001
0	0	0.629	0.346	0.025
0	0	0.592	0.377	0.031
0	0	0.65	0.329	0.02
1	0	0.658	0.323	0.019
0	0	0.748	0.244	0.008
0	0	0.68	0.304	0.016
0	0	0.749	0.24	0.011
0	0	0.787	0.205	0.008
0	0	0.916	0.081	0.003
0	0	0.684	0.299	0.017
0	0	0.562	0.411	0.027
0	0	0.924	0.072	0.003
1	0	0.815	0.173	0.012
0	0	0.887	0.11	0.003
0	0	0.887	0.105	0.008
0	0	0.895	0.099	0.006
0	0	0.847	0.143	0.01
0	0	0.853	0.137	0.01
1	0	0.812	0.178	0.01
0	0	0.823	0.168	0.009
0	0	0.816	0.174	0.009
0	0	0.528	0.438	0.034
0	0	0.736	0.253	0.011
0	0	0.533	0.434	0.033
0	0	0.605	0.371	0.024
0	0	0.915	0.083	0.002
2	1	0.048	0.656	0.295
1	0	0.803	0.189	0.008
0	0	0.665	0.318	0.017
0	0	0.863	0.13	0.006
1	0	0.876	0.122	0.002
0	0	0.886	0.112	0.002
0	0	0.641	0.341	0.018
0	0	0.546	0.423	0.031
0	0	0.874	0.12	0.006
0	0	0.874	0.12	0.006
0	0	0.884	0.11	0.006
0	0	0.828	0.16	0.012
0	0	0.814	0.172	0.014
0	0	0.621	0.356	0.023
0	1	0.401	0.557	0.042
0	0	0.536	0.442	0.021
0	0	0.564	0.418	0.018
0	1	0.458	0.51	0.032
0	0	0.96	0.04	0.001
0	0	0.861	0.132	0.007
0	0	0.775	0.214	0.011
0	0	0.809	0.184	0.007
1	0	0.807	0.186	0.007
0	0	0.764	0.223	0.013
0	0	0.774	0.214	0.011
0	0	0.893	0.104	0.003
1	0	0.486	0.463	0.051
2	2	0	0.239	0.761
2	0	0.588	0.383	0.03
0	0	0.745	0.244	0.011
0	0	0.783	0.208	0.009
0	0	0.761	0.228	0.011
0	0	0.704	0.289	0.007
0	0	0.695	0.298	0.008
0	0	0.609	0.379	0.012
0	0	0.785	0.211	0.004
0	0	0.666	0.319	0.015
0	0	0.649	0.33	0.021
0	0	0.749	0.232	0.019
0	0	0.916	0.082	0.002
0	0	0.8	0.194	0.006
0	0	0.775	0.218	0.007
0	0	0.938	0.06	0.002
0	0	0.91	0.087	0.003
1	0	0.5	0.494	0.007
0	0	0.802	0.185	0.012
0	0	0.857	0.136	0.007
