0	0	0.989	0.01	0
2	1	0.175	0.672	0.153
0	0	0.763	0.232	0.005
0	0	0.68	0.312	0.008
0	0	0.542	0.441	0.017
0	1	0.402	0.577	0.021
0	1	0.12	0.809	0.071
0	0	0.895	0.104	0.001
0	1	0.317	0.656	0.027
1	1	0.299	0.673	0.028
0	1	0.122	0.81	0.068
0	0	0.649	0.342	0.008
0	0	0.652	0.327	0.02
0	0	0.75	0.241	0.009
0	0	0.563	0.401	0.036
0	0	0.762	0.23	0.008
0	0	0.78	0.214	0.007
0	0	0.767	0.222	0.011
2	0	0.491	0.486	0.023
0	0	0.953	0.046	0.001
1	1	0.053	0.681	0.266
0	0	0.832	0.163	0.005
0	1	0.088	0.795	0.117
0	1	0.352	0.632	0.016
0	1	0.454	0.536	0.009
0	1	0.273	0.703	0.024
0	1	0.351	0.633	0.016
0	0	0.854	0.143	0.003
0	0	0.633	0.353	0.014
0	0	0.797	0.191	0.011
0	0	0.732	0.247	0.021
0	0	0.534	0.439	0.027
0	0	0.911	0.087	0.002
0	0	0.672	0.312	0.016
0	0	0.822	0.172	0.006
0	0	0.571	0.411	0.018
0	1	0.445	0.52	0.035
0	0	0.669	0.321	0.01
0	0	0.917	0.08	0.003
0	0	0.762	0.226	0.012
0	0	0.742	0.243	0.014
2	1	0.383	0.567	0.05
2	1	0.166	0.735	0.099
0	0	0.86	0.136	0.004
0	0	0.809	0.184	0.006
0	0	0.897	0.101	0.003
0	0	0.992	0.007	0
0	0	0.799	0.197	0.004
0	0	0.975	0.025	0.001
0	0	0.987	0.013	0
0	0	0.99	0.009	0
0	0	0.959	0.04	0.001
1	0	0.917	0.08	0.003
2	0	0.969	0.03	0.001
1	0	0.874	0.12	0.006
2	0	0.959	0.04	0.001
1	0	0.99	0.01	0
0	0	0.958	0.041	0.001
2	0	0.914	0.083	0.003
0	0	0.965	0.034	0.001
1	0	0.934	0.064	0.002
1	0	0.944	0.055	0.002
2	0	0.876	0.121	0.003
0	0	0.941	0.058	0.001
2	0	0.88	0.117	0.003
0	1	0.285	0.69	0.026
0	0	0.894	0.104	0.003
0	0	0.793	0.199	0.008
0	0	0.901	0.096	0.002
0	0	0.895	0.103	0.003
0	0	0.918	0.08	0.002
1	0	0.595	0.368	0.036
0	0	0.474	0.449	0.076
0	0	0.615	0.353	0.032
0	0	0.63	0.342	0.029
0	0	0.985	0.015	0
0	0	0.588	0.398	0.013
0	0	0.687	0.296	0.017
0	0	0.81	0.183	0.007
1	0	0.824	0.17	0.006
0	0	0.937	0.062	0.001
0	0	0.859	0.137	0.004
0	1	0.458	0.462	0.08
0	0	0.506	0.427	0.067
0	0	0.805	0.191	0.004
0	0	0.688	0.297	0.015
0	0	0.64	0.337	0.023
0	0	0.842	0.151	0.007
1	0	0.771	0.214	0.015
0	0	0.637	0.348	0.015
0	1	0.348	0.529	0.123
0	1	0.406	0.49	0.104
0	0	0.536	0.431	0.033
0	0	0.542	0.426	0.032
1	0	0.592	0.388	0.02
0	0	0.634	0.35	0.016
0	0	0.607	0.374	0.019
0	0	0.57	0.416	0.014
0	0	0.797	0.198	0.005
0	0	0.574	0.412	0.014
0	0	0.656	0.333	0.01
0	0	0.925	0.073	0.002
2	1	0.182	0.607	0.211
1	0	0.856	0.138	0.006
0	0	0.775	0.212	0.012
0	1	0.473	0.495	0.032
1	0	0.93	0.069	0.002
0	0	0.934	0.065	0.001
0	0	0.828	0.161	0.011
0	0	0.68	0.314	0.006
0	0	0.753	0.236	0.011
0	0	0.753	0.236	0.011
0	0	0.81	0.181	0.009
0	0	0.768	0.219	0.013
0	0	0.759	0.227	0.014
0	0	0.844	0.15	0.006
0	1	0.326	0.595	0.079
0	1	0.436	0.523	0.042
0	1	0.458	0.506	0.036
0	1	0.371	0.567	0.061
0	0	0.901	0.098	0.001
0	0	0.786	0.208	0.006
0	0	0.82	0.17	0.01
0	0	0.866	0.129	0.005
1	0	0.863	0.132	0.005
0	0	0.805	0.182	0.012
0	0	0.82	0.17	0.01
0	0	0.872	0.125	0.003
1	0	0.676	0.301	0.022
2	2	0.004	0.23	0.766
2	0	0.724	0.26	0.016
0	0	0.801	0.191	0.008
0	0	0.899	0.097	0.004
0	0	0.892	0.104	0.004
0	0	0.927	0.07	0.002
0	0	0.924	0.074	0.003
0	0	0.883	0.113	0.005
0	0	0.956	0.043	0.001
0	0	0.82	0.171	0.009
0	0	0.658	0.329	0.013
0	0	0.828	0.166	0.006
0	0	0.796	0.197	0.007
0	0	0.709	0.276	0.015
0	0	0.695	0.289	0.016
0	0	0.962	0.036	0.001
0	0	0.939	0.058	0.003
1	0	0.908	0.091	0.001
0	0	0.77	0.205	0.025
0	0	0.823	0.163	0.015
