0	1	0.157	0.688	0.155
2	1	0.046	0.637	0.317
1	2	0.226	0.043	0.732
0	0	0.525	0.462	0.012
0	0	0.425	0.357	0.218
0	1	0.141	0.508	0.351
0	0	0.651	0.313	0.036
0	0	0.775	0.2	0.025
0	0	0.794	0.189	0.017
0	2	0.061	0.198	0.741
1	0	0.686	0.129	0.185
1	1	0.261	0.386	0.353
0	1	0.216	0.567	0.217
0	0	0.753	0.233	0.014
0	1	0.323	0.499	0.178
1	1	0.386	0.448	0.167
0	0	0.587	0.376	0.037
1	2	0.009	0.081	0.91
2	1	0.102	0.549	0.348
2	1	0	0.761	0.238
2	0	0.751	0.211	0.038
0	0	0.844	0.145	0.011
1	1	0.078	0.838	0.084
1	0	0.974	0.022	0.004
0	0	0.576	0.368	0.056
0	0	0.5	0.435	0.065
0	1	0.28	0.54	0.18
0	0	0.608	0.305	0.087
0	1	0.345	0.511	0.144
0	0	0.561	0.321	0.117
0	0	0.61	0.317	0.073
0	0	0.829	0.097	0.074
0	1	0.237	0.515	0.247
0	1	0.389	0.423	0.189
2	2	0.014	0.374	0.611
1	1	0.038	0.531	0.431
0	1	0.396	0.525	0.079
0	1	0.209	0.768	0.023
0	1	0.374	0.405	0.22
1	0	0.561	0.412	0.026
2	1	0.004	0.512	0.484
0	1	0.45	0.5	0.049
0	0	0.475	0.472	0.053
1	1	0.083	0.46	0.457
0	0	0.777	0.213	0.01
1	1	0.032	0.604	0.364
0	0	0.562	0.398	0.04
1	0	0.732	0.254	0.014
0	2	0.001	0.077	0.922
0	0	0.696	0.281	0.023
0	1	0.146	0.534	0.32
0	1	0.454	0.5	0.046
0	1	0.274	0.53	0.196
0	1	0.059	0.606	0.335
0	0	0.775	0.195	0.031
0	0	0.816	0.16	0.024
0	0	0.508	0.464	0.028
0	0	0.639	0.33	0.031
0	2	0.025	0.317	0.658
0	1	0.179	0.773	0.049
1	1	0.012	0.593	0.395
2	2	0.004	0.488	0.509
0	0	0.827	0.157	0.016
0	1	0.294	0.653	0.053
0	1	0.24	0.628	0.132
0	0	0.356	0.3	0.344
0	1	0.328	0.632	0.04
0	0	0.812	0.114	0.074
0	1	0.094	0.546	0.36
0	2	0.185	0.401	0.414
0	1	0.018	0.747	0.235
0	1	0.042	0.703	0.255
0	1	0.127	0.606	0.267
0	1	0.415	0.505	0.08
2	2	0.001	0.361	0.639
0	0	0.898	0.091	0.011
0	0	0.95	0.05	0
0	0	0.697	0.25	0.053
0	0	0.648	0.302	0.05
0	0	0.885	0.11	0.005
0	1	0.164	0.719	0.118
0	0	0.813	0.158	0.029
1	0	0.916	0.068	0.016
1	0	0.617	0.347	0.036
0	1	0.076	0.738	0.186
0	1	0.02	0.975	0.005
0	0	0.85	0.141	0.009
0	1	0.031	0.961	0.008
0	0	0.613	0.381	0.005
0	0	0.875	0.118	0.007
0	0	0.537	0.35	0.113
1	1	0.238	0.445	0.316
2	1	0.341	0.658	0.001
1	1	0.22	0.539	0.241
0	1	0.032	0.78	0.188
0	0	0.388	0.332	0.28
0	1	0.051	0.587	0.363
2	1	0.047	0.637	0.316
0	1	0.286	0.67	0.043
0	1	0.203	0.589	0.208
0	1	0.373	0.587	0.04
0	1	0.434	0.527	0.04
0	1	0.128	0.552	0.32
0	0	0.945	0.051	0.004
0	1	0.096	0.71	0.194
1	0	0.584	0.23	0.186
0	0	0.909	0.087	0.004
1	1	0.088	0.829	0.083
0	0	0.487	0.465	0.048
1	0	0.382	0.348	0.269
0	1	0.333	0.654	0.012
0	1	0.033	0.856	0.111
0	0	0.869	0.117	0.014
0	0	0.549	0.134	0.317
0	0	0.452	0.38	0.168
0	1	0.383	0.431	0.186
0	0	0.522	0.308	0.17
0	0	0.793	0.196	0.011
0	0	0.714	0.269	0.017
0	0	0.538	0.437	0.025
0	1	0.303	0.495	0.202
0	0	0.73	0.22	0.05
0	0	0.744	0.18	0.076
1	1	0.27	0.55	0.18
2	1	0.065	0.607	0.329
0	0	0.611	0.319	0.07
0	1	0.317	0.465	0.218
0	0	0.682	0.301	0.018
0	1	0.387	0.567	0.047
0	1	0.246	0.712	0.041
1	1	0.244	0.511	0.244
0	1	0.145	0.753	0.102
0	0	0.643	0.285	0.072
0	1	0.29	0.674	0.037
0	1	0.126	0.803	0.072
0	1	0.305	0.624	0.071
0	1	0.385	0.532	0.083
0	1	0.429	0.482	0.09
1	1	0.191	0.631	0.178
0	1	0	0.987	0.012
0	1	0.135	0.841	0.024
0	1	0.265	0.593	0.142
0	0	0.659	0.301	0.04
0	0	0.509	0.452	0.039
0	0	0.468	0.396	0.136
0	1	0.392	0.558	0.051
0	1	0.195	0.774	0.03
0	0	0.887	0.093	0.019
0	0	0.955	0.041	0.004
0	1	0.091	0.573	0.336
0	1	0.376	0.554	0.07
0	0	0.742	0.167	0.091
0	0	0.666	0.227	0.107
0	1	0.41	0.432	0.159
0	1	0.016	0.777	0.207
1	0	0.551	0.395	0.055
0	1	0.449	0.523	0.028
0	1	0.115	0.464	0.42
1	2	0.021	0.365	0.614
1	1	0.049	0.686	0.265
0	0	0.995	0.005	0
0	1	0.373	0.516	0.112
0	1	0.418	0.425	0.157
0	0	0.715	0.145	0.14
0	1	0.248	0.741	0.011
1	1	0.383	0.461	0.156
0	0	0.734	0.239	0.026
0	0	0.546	0.443	0.011
0	1	0.034	0.701	0.266
0	1	0.242	0.582	0.176
0	1	0.246	0.634	0.12
0	0	0.907	0.091	0.001
0	0	0.602	0.381	0.018
0	1	0.115	0.768	0.117
0	1	0.292	0.621	0.088
0	0	0.819	0.165	0.016
0	0	0.58	0.381	0.038
1	1	0.395	0.501	0.104
0	0	0.828	0.166	0.006
0	1	0.357	0.52	0.123
0	1	0.361	0.544	0.095
0	1	0.212	0.546	0.243
0	0	0.612	0.386	0.002
0	0	0.465	0.445	0.09
0	0	0.896	0.071	0.033
0	1	0.408	0.537	0.055
0	0	0.517	0.397	0.085
2	1	0.442	0.502	0.056
0	2	0.05	0.408	0.542
0	1	0.34	0.509	0.15
0	1	0.115	0.78	0.105
0	0	0.739	0.242	0.018
0	0	0.41	0.363	0.227
1	1	0.241	0.44	0.319
0	0	0.543	0.418	0.039
0	0	0.686	0.222	0.093
0	1	0.051	0.925	0.024
0	1	0.004	0.98	0.016
0	1	0.002	0.976	0.022
0	1	0.014	0.968	0.018
0	0	0.538	0.265	0.197
0	1	0.439	0.533	0.028
0	1	0.413	0.525	0.061
0	0	0.733	0.209	0.058
1	1	0.102	0.843	0.055
0	0	0.54	0.326	0.134
1	1	0.085	0.736	0.179
0	1	0.351	0.519	0.13
0	2	0.002	0.075	0.923
0	1	0.165	0.772	0.064
1	0	0.533	0.385	0.081
0	1	0.231	0.495	0.274
0	0	0.912	0.085	0.004
0	0	0.593	0.39	0.017
2	1	0.009	0.944	0.046
2	2	0.078	0.143	0.779
0	1	0.004	0.856	0.14
2	1	0.37	0.625	0.005
0	1	0.241	0.633	0.126
1	1	0.338	0.544	0.117
1	0	0.511	0.303	0.186
