0	2	0.11	0.205	0.685
0	1	0.063	0.924	0.014
2	2	0.024	0.376	0.601
2	0	0.409	0.24	0.351
1	1	0.008	0.535	0.457
0	1	0.149	0.674	0.178
0	0	0.697	0.194	0.109
0	0	0.461	0.334	0.205
0	0	0.94	0.01	0.05
0	0	0.905	0.076	0.019
0	1	0.389	0.481	0.131
0	0	0.67	0.183	0.147
0	1	0.085	0.907	0.007
0	0	0.824	0.075	0.1
0	0	0.617	0.315	0.068
0	2	0.043	0.374	0.584
0	2	0.038	0.006	0.956
0	1	0.276	0.672	0.052
0	0	0.561	0.276	0.163
1	2	0.001	0.428	0.571
1	1	0.033	0.501	0.466
0	2	0.053	0.091	0.855
1	1	0.178	0.573	0.249
0	0	0.847	0.143	0.01
0	0	0.798	0.023	0.179
0	1	0.22	0.449	0.331
0	1	0.157	0.428	0.416
1	1	0.047	0.763	0.191
0	0	0.424	0.177	0.399
0	0	0.534	0.244	0.222
0	2	0.124	0.175	0.701
0	0	0.921	0.007	0.072
1	2	0.082	0.283	0.635
0	0	0.945	0.037	0.018
0	0	0.603	0.245	0.153
2	0	0.719	0.195	0.086
2	2	0.266	0.06	0.674
2	1	0.236	0.549	0.215
0	0	0.596	0.308	0.095
0	1	0.073	0.744	0.183
2	2	0.208	0.318	0.474
1	2	0.005	0.327	0.668
1	1	0.417	0.454	0.129
0	0	0.674	0.284	0.041
0	2	0.147	0.383	0.47
1	2	0.027	0.04	0.933
0	1	0.047	0.823	0.131
0	2	0.054	0.224	0.722
0	0	0.608	0.048	0.344
0	0	0.818	0.123	0.06
0	2	0.04	0.138	0.821
0	1	0.296	0.628	0.077
0	0	0.703	0.221	0.076
0	0	0.981	0.002	0.017
0	0	0.938	0.031	0.032
0	1	0.144	0.452	0.404
0	0	0.976	0.001	0.023
0	0	0.942	0.009	0.049
0	0	0.579	0.07	0.351
0	0	0.942	0.034	0.024
0	2	0.227	0.291	0.482
0	1	0.034	0.688	0.278
0	0	0.5	0.404	0.096
0	0	0.928	0.046	0.026
0	0	0.44	0.206	0.354
0	1	0.066	0.652	0.282
0	0	0.609	0.353	0.038
2	2	0.002	0.248	0.75
0	0	0.683	0.236	0.081
0	0	0.706	0.169	0.125
0	1	0.066	0.754	0.181
0	2	0.052	0.228	0.72
1	2	0.052	0.254	0.694
0	2	0.372	0.05	0.577
0	1	0.079	0.764	0.157
0	2	0.297	0.218	0.484
1	1	0.017	0.857	0.126
2	1	0.066	0.893	0.041
0	0	0.977	0.012	0.01
0	0	0.498	0.16	0.342
1	0	0.51	0.126	0.364
0	0	0.973	0.027	0
1	1	0.247	0.66	0.092
0	2	0.198	0.281	0.521
1	0	0.923	0.064	0.014
0	2	0.039	0.42	0.541
0	2	0.017	0.115	0.868
0	0	0.598	0.39	0.012
0	2	0.388	0.065	0.547
0	0	0.653	0.172	0.175
0	0	0.745	0.211	0.045
0	0	0.53	0.406	0.064
0	1	0.203	0.754	0.044
0	0	0.369	0.284	0.347
0	0	0.898	0.06	0.042
0	1	0.376	0.555	0.069
0	0	0.87	0.064	0.066
0	0	0.561	0.067	0.372
0	2	0.241	0.156	0.603
0	0	0.893	0.048	0.059
2	1	0.169	0.423	0.408
0	1	0.268	0.664	0.068
1	1	0.01	0.935	0.055
2	2	0.126	0.029	0.845
2	2	0.018	0.064	0.919
0	1	0.381	0.525	0.094
0	0	0.992	0.002	0.007
0	1	0.45	0.536	0.014
0	0	0.876	0.105	0.019
0	0	0.833	0.087	0.08
0	0	0.691	0.249	0.06
0	0	0.535	0.291	0.173
0	1	0.059	0.849	0.092
0	0	0.962	0.02	0.018
0	0	0.867	0.089	0.044
0	1	0.279	0.482	0.239
0	0	0.652	0.253	0.095
0	0	0.489	0.486	0.025
0	2	0.132	0.09	0.778
0	0	0.678	0.061	0.261
2	1	0.022	0.666	0.312
0	0	0.748	0.229	0.023
0	0	0.547	0.449	0.005
0	0	0.918	0.006	0.077
0	0	0.802	0.04	0.157
0	0	0.98	0.005	0.015
0	0	0.649	0.325	0.027
0	1	0.393	0.59	0.017
0	0	0.656	0.245	0.098
0	0	0.891	0.058	0.052
0	1	0.003	0.932	0.065
0	0	0.934	0.032	0.034
0	0	0.982	0.001	0.017
0	0	0.92	0.007	0.072
1	0	0.891	0.023	0.086
2	1	0.124	0.77	0.107
1	1	0.214	0.54	0.246
1	0	0.646	0.25	0.104
0	0	0.734	0.208	0.058
0	0	0.709	0.29	0.002
0	2	0.251	0.34	0.409
0	1	0.219	0.418	0.363
0	0	0.989	0.01	0.001
0	0	0.989	0.006	0.005
0	1	0.406	0.475	0.12
1	2	0.049	0.209	0.742
2	0	0.737	0.106	0.157
1	0	0.994	0.003	0.003
0	2	0.007	0.009	0.983
2	0	0.974	0.007	0.02
0	1	0.001	0.992	0.007
1	0	0.614	0.259	0.126
2	1	0.036	0.921	0.044
1	2	0.022	0.001	0.977
1	1	0.141	0.805	0.054
2	1	0.218	0.392	0.39
1	2	0.202	0.186	0.612
0	0	0.599	0.327	0.074
0	1	0.28	0.651	0.068
2	1	0.06	0.711	0.23
0	0	0.698	0.199	0.103
0	0	0.975	0.007	0.019
2	2	0.164	0.062	0.774
0	1	0.246	0.552	0.202
0	0	0.889	0.097	0.013
0	0	0.951	0.033	0.016
0	1	0.093	0.782	0.125
0	0	0.888	0.057	0.056
0	0	0.983	0.003	0.014
0	0	0.739	0.085	0.176
0	2	0.206	0.287	0.507
0	1	0.362	0.609	0.029
0	0	0.387	0.363	0.25
0	0	0.526	0.212	0.262
0	0	0.913	0.056	0.03
1	1	0.042	0.483	0.475
0	0	0.515	0.054	0.431
0	1	0.353	0.499	0.148
0	0	0.64	0.096	0.264
0	0	0.438	0.141	0.421
1	1	0.021	0.743	0.236
0	2	0.075	0.274	0.651
1	0	0.537	0.316	0.147
0	0	0.494	0.036	0.47
0	0	0.988	0.001	0.011
1	1	0.004	0.871	0.125
0	0	0.862	0.125	0.013
0	1	0.263	0.651	0.086
0	0	0.93	0.005	0.064
0	0	0.518	0.336	0.146
0	1	0.034	0.641	0.324
0	2	0.242	0.357	0.401
0	1	0.284	0.669	0.047
0	2	0.208	0.365	0.427
0	0	0.607	0.218	0.175
1	2	0.106	0.323	0.57
0	0	0.766	0.208	0.026
0	1	0.211	0.439	0.35
0	0	0.713	0.181	0.106
0	0	0.818	0.087	0.095
0	1	0.044	0.524	0.432
0	0	0.921	0.002	0.076
0	1	0.117	0.784	0.099
0	0	0.577	0.083	0.341
0	0	0.752	0.184	0.064
0	1	0.015	0.653	0.333
0	0	0.998	0	0.002
0	1	0.432	0.512	0.055
0	2	0.013	0.004	0.984
0	1	0.355	0.431	0.214
0	2	0.027	0.279	0.694
1	0	0.677	0.041	0.282
2	1	0.012	0.894	0.094
0	0	0.799	0.045	0.155
1	1	0.326	0.402	0.273
0	1	0.002	0.695	0.303
0	0	0.985	0.002	0.013
0	1	0.454	0.507	0.04
0	0	0.958	0.006	0.036
0	1	0.018	0.867	0.116
1	1	0.004	0.587	0.409
0	0	0.877	0.038	0.085
0	1	0.376	0.524	0.1
0	0	0.772	0.08	0.148
0	1	0.133	0.559	0.308
0	1	0.067	0.68	0.253
0	1	0.001	0.87	0.13
0	1	0.251	0.714	0.036
0	2	0.2	0.177	0.623
0	1	0.12	0.625	0.255
1	1	0.001	0.92	0.079
0	1	0.005	0.948	0.047
0	0	0.747	0.198	0.055
0	0	0.902	0.015	0.082
0	2	0.452	0.089	0.459
0	1	0.005	0.82	0.175
0	1	0.111	0.733	0.156
0	1	0.151	0.834	0.015
0	1	0.337	0.39	0.274
0	0	0.829	0.061	0.109
0	1	0.009	0.896	0.095
0	0	0.913	0.032	0.055
1	1	0.229	0.727	0.044
0	2	0.33	0.047	0.623
0	1	0.087	0.752	0.161
0	1	0.099	0.55	0.351
0	0	0.797	0.091	0.112
0	1	0.37	0.605	0.025
0	0	0.699	0.141	0.16
0	0	0.957	0.021	0.022
0	1	0.063	0.65	0.287
2	2	0.002	0.092	0.906
1	1	0.365	0.57	0.065
0	0	0.588	0.258	0.154
0	1	0.12	0.739	0.14
0	1	0.029	0.716	0.255
0	2	0.315	0.272	0.414
0	1	0.285	0.662	0.053
0	2	0.179	0.362	0.459
0	0	0.514	0.418	0.068
1	1	0.467	0.479	0.054
0	0	0.691	0.178	0.132
0	0	0.861	0.116	0.023
0	0	0.594	0.353	0.053
1	1	0.347	0.518	0.135
0	1	0.177	0.627	0.196
0	1	0.029	0.644	0.328
1	1	0.087	0.784	0.13
0	1	0.273	0.637	0.09
1	1	0.16	0.609	0.231
0	1	0.381	0.603	0.016
0	0	0.83	0.122	0.048
0	0	0.9	0.077	0.023
0	0	0.51	0.205	0.286
0	0	0.727	0.142	0.131
0	1	0.012	0.908	0.08
0	1	0.078	0.867	0.055
1	1	0.188	0.802	0.01
0	0	0.867	0.107	0.025
0	1	0.424	0.469	0.106
0	1	0.009	0.717	0.273
0	0	0.866	0.013	0.121
0	0	0.707	0.158	0.135
0	1	0.001	0.856	0.143
0	0	0.702	0.263	0.035
0	2	0.14	0.425	0.436
0	1	0.242	0.423	0.335
0	0	0.743	0.183	0.074
0	0	0.654	0.222	0.124
0	0	0.718	0.211	0.071
0	1	0.003	0.869	0.128
0	2	0.373	0.253	0.374
0	1	0.168	0.796	0.036
0	0	0.841	0.058	0.101
0	1	0.099	0.662	0.239
0	1	0.352	0.362	0.287
0	0	0.947	0.017	0.036
0	1	0.261	0.728	0.011
0	0	0.96	0.007	0.032
1	1	0.056	0.813	0.131
0	1	0	0.978	0.021
0	0	0.435	0.275	0.29
1	1	0.352	0.623	0.025
0	0	0.9	0.047	0.053
0	0	0.513	0.404	0.083
0	1	0	0.948	0.052
0	0	0.913	0.045	0.041
0	1	0.263	0.683	0.054
0	0	0.968	0.011	0.021
0	1	0	0.949	0.05
0	0	0.434	0.406	0.16
0	0	0.634	0.234	0.132
0	1	0.248	0.713	0.04
0	1	0.177	0.462	0.361
0	0	0.897	0.065	0.038
1	2	0.096	0.147	0.758
2	2	0	0.043	0.957
2	2	0.196	0.36	0.444
0	0	0.642	0.157	0.201
2	1	0.28	0.456	0.264
0	1	0.004	0.927	0.07
0	1	0.052	0.647	0.3
0	1	0.302	0.655	0.043
0	0	0.864	0.065	0.071
0	1	0.169	0.567	0.264
0	1	0.307	0.549	0.144
0	0	0.95	0.019	0.031
0	1	0.115	0.858	0.027
0	0	0.919	0.033	0.048
0	0	0.882	0.049	0.069
0	1	0.003	0.9	0.098
0	0	0.459	0.262	0.279
1	1	0.11	0.45	0.44
0	0	0.944	0.028	0.028
0	0	0.788	0.157	0.055
0	1	0.079	0.663	0.258
0	0	0.881	0.118	0
0	1	0.018	0.967	0.015
0	0	0.56	0.433	0.007
0	0	0.878	0.015	0.107
0	1	0.133	0.582	0.285
0	0	0.655	0.316	0.029
0	1	0.328	0.653	0.019
0	1	0.402	0.463	0.136
1	0	0.602	0.351	0.047
0	0	0.466	0.351	0.183
1	0	0.782	0.187	0.031
0	0	0.613	0.354	0.033
0	0	0.955	0.014	0.031
0	2	0.029	0.078	0.892
0	1	0.297	0.606	0.097
0	0	0.427	0.417	0.156
1	1	0.431	0.541	0.028
0	2	0.035	0.077	0.888
0	2	0.281	0.12	0.599
0	1	0.058	0.86	0.082
0	0	0.971	0.011	0.018
0	0	0.516	0.301	0.183
0	1	0.281	0.511	0.208
0	0	0.755	0.106	0.139
1	1	0	0.969	0.03
2	2	0.302	0.247	0.45
2	1	0.008	0.715	0.278
0	0	0.93	0.02	0.05
2	0	0.766	0.2	0.034
0	1	0.01	0.883	0.106
0	0	0.706	0.179	0.116
1	1	0.156	0.593	0.25
0	0	0.538	0.361	0.101
1	0	0.952	0.04	0.008
