0	1	0.19	0.419	0.392
0	2	0.153	0.328	0.519
2	2	0.116	0.441	0.444
2	1	0.138	0.444	0.418
1	0	0.396	0.372	0.231
0	1	0.081	0.578	0.341
0	1	0.12	0.47	0.41
0	2	0.197	0.346	0.456
0	1	0.169	0.426	0.405
0	1	0.225	0.484	0.291
0	1	0.219	0.492	0.289
0	1	0.344	0.364	0.292
0	2	0.184	0.259	0.558
0	0	0.494	0.251	0.255
0	1	0.187	0.523	0.29
0	2	0.144	0.419	0.438
0	2	0.297	0.316	0.387
0	2	0.152	0.337	0.511
0	0	0.502	0.191	0.307
1	0	0.445	0.341	0.214
1	0	0.387	0.294	0.319
0	2	0.238	0.356	0.406
1	2	0.147	0.334	0.519
0	0	0.658	0.131	0.211
0	0	0.391	0.38	0.229
0	1	0.258	0.524	0.218
0	2	0.224	0.314	0.462
1	2	0.231	0.25	0.518
0	0	0.411	0.253	0.336
0	1	0.317	0.465	0.218
0	1	0.281	0.386	0.333
0	2	0.313	0.343	0.344
1	2	0.235	0.21	0.555
0	0	0.67	0.175	0.155
0	1	0.197	0.509	0.294
2	1	0.397	0.561	0.043
2	1	0.381	0.396	0.223
2	2	0.2	0.33	0.47
0	1	0.3	0.384	0.317
0	0	0.456	0.398	0.146
2	1	0.343	0.395	0.262
1	1	0.301	0.384	0.315
1	2	0.214	0.341	0.444
0	1	0.318	0.389	0.293
0	0	0.449	0.399	0.152
1	1	0.288	0.408	0.303
0	1	0.217	0.409	0.374
0	2	0.128	0.349	0.523
0	0	0.601	0.259	0.14
0	1	0.241	0.453	0.306
0	2	0.246	0.063	0.691
0	2	0.289	0.345	0.366
0	2	0.156	0.362	0.481
0	2	0.177	0.177	0.646
0	1	0.328	0.449	0.222
0	1	0.279	0.406	0.314
0	1	0.293	0.39	0.317
0	2	0.115	0.321	0.564
0	0	0.454	0.326	0.221
0	0	0.539	0.32	0.14
0	0	0.825	0.128	0.047
0	1	0.07	0.836	0.094
0	2	0.153	0.22	0.626
0	0	0.713	0.13	0.157
0	0	0.415	0.358	0.227
0	1	0.115	0.517	0.368
0	2	0.123	0.427	0.45
2	2	0.17	0.298	0.531
0	0	0.506	0.208	0.285
0	1	0.332	0.405	0.263
0	1	0.305	0.37	0.325
0	2	0.281	0.358	0.362
1	1	0.046	0.637	0.317
0	1	0.004	0.784	0.213
0	1	0.075	0.69	0.234
0	2	0.078	0.429	0.493
1	2	0.052	0.087	0.862
2	2	0.174	0.408	0.417
0	2	0.187	0.388	0.425
0	0	0.531	0.251	0.219
1	1	0.075	0.468	0.457
0	1	0.099	0.459	0.441
1	2	0.138	0.424	0.438
0	0	0.478	0.245	0.276
1	1	0.134	0.517	0.349
0	0	0.627	0.21	0.163
0	2	0.26	0.344	0.396
0	2	0.171	0.353	0.476
0	1	0.348	0.366	0.287
0	0	0.377	0.37	0.253
0	0	0.402	0.322	0.277
0	2	0.2	0.391	0.409
0	2	0.343	0.266	0.39
0	2	0.235	0.377	0.388
0	1	0.309	0.463	0.228
0	0	0.718	0.193	0.089
0	1	0.247	0.403	0.35
0	2	0.14	0.241	0.62
0	0	0.674	0.178	0.148
0	1	0.335	0.428	0.236
2	2	0.379	0.182	0.439
0	1	0.089	0.457	0.454
1	2	0.112	0.435	0.453
2	0	0.755	0.109	0.135
2	0	0.521	0.282	0.197
0	1	0.433	0.453	0.114
0	1	0.292	0.365	0.343
0	2	0.184	0.355	0.461
0	0	0.692	0.245	0.063
0	1	0.308	0.468	0.224
0	0	0.535	0.217	0.248
0	2	0.173	0.321	0.506
0	2	0.103	0.272	0.625
0	1	0.372	0.414	0.214
0	1	0.404	0.422	0.174
0	0	0.63	0.198	0.173
0	1	0.279	0.41	0.311
0	1	0.129	0.483	0.388
0	1	0.329	0.506	0.165
0	0	0.655	0.231	0.114
2	1	0.247	0.563	0.19
0	0	0.361	0.298	0.341
0	2	0.095	0.344	0.56
0	0	0.57	0.237	0.193
0	0	0.644	0.194	0.161
0	1	0.01	0.851	0.139
0	2	0.189	0.359	0.452
0	2	0.18	0.296	0.524
0	0	0.806	0.063	0.131
0	0	0.624	0.217	0.159
0	2	0.32	0.338	0.342
0	2	0.305	0.315	0.381
0	2	0.125	0.382	0.493
0	2	0.371	0.252	0.378
1	0	0.518	0.216	0.266
2	2	0.327	0.336	0.338
1	2	0.267	0.343	0.389
1	1	0.187	0.412	0.401
0	0	0.421	0.297	0.282
0	1	0.058	0.849	0.093
0	0	0.47	0.127	0.404
0	2	0.251	0.361	0.387
0	2	0.185	0.358	0.457
0	0	0.689	0.243	0.068
0	0	0.44	0.356	0.204
1	2	0.129	0.378	0.493
2	2	0.247	0.338	0.415
1	2	0.113	0.246	0.641
0	0	0.722	0.158	0.12
2	0	0.5	0.337	0.163
0	0	0.56	0.282	0.158
1	2	0.199	0.37	0.432
2	2	0.179	0.263	0.558
1	0	0.776	0.13	0.094
1	1	0.356	0.445	0.199
2	1	0.052	0.711	0.238
1	1	0.167	0.563	0.271
0	2	0.119	0.326	0.555
0	2	0.303	0.295	0.403
2	0	0.605	0.232	0.163
0	1	0.013	0.9	0.088
0	2	0.231	0.338	0.431
2	1	0.195	0.423	0.382
0	0	0.377	0.369	0.254
0	1	0.33	0.354	0.316
0	2	0.06	0.164	0.776
0	2	0.185	0.362	0.452
0	2	0.121	0.282	0.596
0	0	0.724	0.116	0.16
0	0	0.716	0.201	0.082
0	0	0.737	0.219	0.044
0	1	0.351	0.382	0.267
0	2	0.187	0.352	0.461
0	0	0.884	0.091	0.025
0	0	0.709	0.254	0.037
1	1	0.125	0.556	0.319
0	1	0.123	0.466	0.41
0	2	0.113	0.368	0.519
0	0	0.8	0.046	0.154
0	0	0.691	0.158	0.151
1	1	0.272	0.542	0.186
0	1	0.044	0.631	0.325
1	1	0.117	0.679	0.204
0	0	0.847	0.048	0.104
0	1	0.056	0.731	0.213
1	0	0.765	0.128	0.106
0	0	0.505	0.068	0.428
0	2	0.288	0.044	0.668
0	0	0.434	0.325	0.241
0	0	0.638	0.254	0.108
0	0	0.415	0.321	0.264
0	2	0.265	0.35	0.384
0	2	0.208	0.287	0.505
0	2	0.29	0.332	0.379
0	0	0.416	0.406	0.178
1	1	0.36	0.383	0.258
0	1	0.236	0.455	0.309
0	1	0.125	0.598	0.277
0	0	0.38	0.334	0.286
0	1	0.363	0.434	0.204
0	0	0.542	0.257	0.201
0	2	0.29	0.303	0.407
0	2	0.195	0.384	0.422
0	0	0.508	0.327	0.165
0	1	0.325	0.381	0.294
0	0	0.483	0.281	0.236
0	0	0.438	0.144	0.418
0	2	0.136	0.292	0.572
0	0	0.373	0.292	0.335
0	0	0.65	0.062	0.288
0	1	0.235	0.569	0.195
1	1	0.257	0.444	0.299
2	2	0.19	0.293	0.518
0	1	0.279	0.387	0.334
1	0	0.606	0.192	0.201
0	1	0.273	0.431	0.296
0	1	0.3	0.354	0.346
0	2	0.307	0.234	0.46
0	1	0.265	0.441	0.295
0	1	0.407	0.419	0.174
1	0	0.554	0.387	0.059
0	2	0.111	0.271	0.618
0	2	0.173	0.359	0.467
0	1	0.386	0.454	0.16
0	2	0.099	0.256	0.645
0	1	0.346	0.57	0.084
0	2	0.275	0.336	0.389
0	2	0.273	0.327	0.4
0	0	0.635	0.309	0.056
0	2	0.314	0.309	0.377
1	2	0.153	0.409	0.438
0	1	0.111	0.454	0.435
0	2	0.146	0.375	0.479
0	2	0.259	0.171	0.57
0	1	0.283	0.484	0.232
0	0	0.519	0.307	0.175
0	1	0.279	0.369	0.352
0	2	0.18	0.377	0.442
0	0	0.51	0.332	0.158
0	0	0.435	0.318	0.247
0	0	0.491	0.282	0.227
0	1	0.242	0.433	0.325
1	2	0.186	0.275	0.539
0	2	0.38	0.217	0.403
0	1	0.257	0.522	0.22
0	0	0.65	0.169	0.181
0	1	0.209	0.405	0.386
0	2	0.233	0.337	0.431
0	0	0.727	0.117	0.156
0	0	0.657	0.192	0.151
0	0	0.516	0.315	0.17
2	2	0.215	0.363	0.422
1	2	0.154	0.332	0.514
0	0	0.513	0.242	0.245
0	0	0.573	0.286	0.141
0	0	0.699	0.206	0.096
0	2	0.307	0.223	0.47
0	2	0.217	0.268	0.515
0	0	0.549	0.256	0.195
0	0	0.746	0.137	0.116
1	0	0.512	0.288	0.2
0	1	0.274	0.417	0.309
0	2	0.35	0.229	0.421
0	2	0.199	0.356	0.446
1	0	0.363	0.361	0.276
0	1	0.153	0.556	0.291
0	1	0.172	0.458	0.37
1	1	0.112	0.449	0.439
0	0	0.659	0.215	0.126
1	0	0.364	0.306	0.33
0	0	0.653	0.263	0.084
0	2	0.281	0.345	0.374
0	2	0.165	0.379	0.456
0	0	0.607	0.317	0.076
0	0	0.433	0.329	0.238
0	2	0.318	0.274	0.408
0	0	0.348	0.338	0.314
1	2	0.216	0.287	0.497
0	1	0.381	0.43	0.189
0	0	0.443	0.377	0.181
0	0	0.837	0.067	0.097
0	2	0.224	0.347	0.429
0	2	0.234	0.35	0.415
0	0	0.789	0.084	0.127
0	0	0.417	0.346	0.237
0	0	0.597	0.193	0.21
0	1	0.265	0.376	0.359
0	2	0.178	0.344	0.479
0	0	0.397	0.263	0.34
0	0	0.444	0.247	0.309
0	0	0.511	0.263	0.225
0	1	0.136	0.73	0.134
0	1	0.113	0.664	0.223
0	0	0.473	0.285	0.242
0	0	0.425	0.337	0.239
0	1	0.227	0.593	0.18
0	1	0.322	0.422	0.256
0	2	0.206	0.264	0.53
0	0	0.713	0.141	0.146
1	1	0.365	0.439	0.196
0	0	0.471	0.325	0.204
0	1	0.24	0.394	0.366
1	2	0.134	0.341	0.524
0	2	0.204	0.377	0.419
0	0	0.423	0.366	0.211
0	1	0.363	0.46	0.177
0	1	0.263	0.401	0.336
0	2	0.295	0.258	0.447
0	0	0.364	0.359	0.277
0	1	0.279	0.499	0.222
0	1	0.36	0.452	0.189
0	2	0.333	0.276	0.391
0	2	0.322	0.204	0.473
0	1	0.137	0.717	0.145
0	1	0.291	0.522	0.187
1	0	0.455	0.298	0.247
2	2	0.218	0.301	0.482
2	2	0.165	0.286	0.549
0	0	0.811	0.134	0.055
2	0	0.616	0.252	0.132
0	0	0.924	0.047	0.029
0	2	0.186	0.375	0.439
0	2	0.104	0.369	0.526
0	0	0.356	0.315	0.328
0	0	0.596	0.247	0.157
0	0	0.862	0.081	0.057
0	1	0.228	0.405	0.367
0	2	0.193	0.328	0.479
0	0	0.538	0.212	0.25
0	0	0.426	0.388	0.186
0	1	0.291	0.429	0.28
0	1	0.237	0.391	0.372
1	2	0.114	0.229	0.658
0	2	0.432	0.135	0.434
0	0	0.601	0.273	0.126
0	1	0.237	0.462	0.301
0	1	0.233	0.457	0.31
0	1	0.204	0.422	0.374
0	1	0.226	0.45	0.324
0	0	0.482	0.383	0.134
0	0	0.613	0.121	0.266
0	0	0.601	0.173	0.227
0	2	0.156	0.387	0.457
0	0	0.672	0.082	0.246
1	1	0.369	0.378	0.253
0	1	0.176	0.521	0.303
1	1	0.144	0.748	0.108
0	2	0.334	0.184	0.482
0	0	0.47	0.33	0.2
0	0	0.427	0.241	0.332
0	0	0.604	0.295	0.101
0	1	0.23	0.392	0.377
1	2	0.256	0.166	0.577
0	0	0.834	0.087	0.079
0	0	0.44	0.404	0.156
0	0	0.486	0.327	0.187
0	0	0.398	0.355	0.246
0	2	0.218	0.332	0.45
0	0	0.613	0.249	0.139
0	0	0.549	0.308	0.142
1	1	0.269	0.391	0.34
2	2	0.178	0.374	0.447
2	2	0.136	0.294	0.57
0	1	0.34	0.401	0.259
2	0	0.403	0.388	0.209
0	0	0.533	0.287	0.18
0	0	0.385	0.36	0.255
1	2	0.26	0.212	0.528
0	0	0.68	0.149	0.171
1	1	0.251	0.567	0.181
