0	1	0.204	0.414	0.382
0	2	0.149	0.372	0.479
2	2	0.151	0.364	0.485
2	2	0.225	0.276	0.5
1	0	0.522	0.227	0.251
0	1	0.198	0.427	0.375
0	2	0.176	0.367	0.457
0	2	0.178	0.387	0.435
0	2	0.28	0.355	0.366
0	0	0.367	0.309	0.325
0	1	0.302	0.429	0.269
0	1	0.341	0.368	0.291
0	2	0.16	0.337	0.503
0	0	0.4	0.367	0.232
0	1	0.276	0.433	0.29
0	2	0.156	0.354	0.489
0	2	0.265	0.349	0.387
0	2	0.15	0.343	0.507
0	0	0.393	0.313	0.294
1	0	0.417	0.327	0.256
1	1	0.335	0.338	0.327
0	2	0.226	0.355	0.419
1	2	0.162	0.355	0.484
0	0	0.513	0.273	0.214
0	0	0.382	0.339	0.279
0	1	0.377	0.389	0.234
0	2	0.192	0.387	0.421
1	2	0.167	0.36	0.473
0	2	0.307	0.319	0.374
0	0	0.402	0.36	0.238
0	1	0.285	0.383	0.332
0	1	0.286	0.365	0.349
1	2	0.157	0.346	0.497
0	0	0.525	0.222	0.253
0	1	0.277	0.434	0.289
2	1	0.166	0.726	0.109
2	1	0.297	0.47	0.232
2	2	0.2	0.303	0.497
0	0	0.339	0.332	0.329
0	0	0.538	0.323	0.14
2	0	0.394	0.339	0.268
1	0	0.34	0.333	0.327
1	2	0.232	0.299	0.469
0	0	0.362	0.336	0.302
0	0	0.529	0.325	0.146
1	1	0.3	0.371	0.328
0	1	0.229	0.413	0.359
0	1	0.147	0.448	0.405
0	0	0.629	0.177	0.195
0	1	0.25	0.434	0.315
0	2	0.048	0.1	0.852
0	2	0.268	0.345	0.387
0	2	0.147	0.303	0.55
0	2	0.062	0.188	0.75
0	1	0.36	0.441	0.199
0	1	0.223	0.503	0.273
0	1	0.262	0.421	0.317
0	2	0.162	0.321	0.517
0	0	0.61	0.159	0.232
0	0	0.541	0.291	0.168
0	0	0.71	0.18	0.11
0	1	0.125	0.748	0.127
0	2	0.144	0.303	0.553
0	0	0.535	0.187	0.278
0	1	0.372	0.388	0.24
0	1	0.159	0.498	0.343
0	1	0.141	0.459	0.4
2	2	0.148	0.382	0.47
0	0	0.426	0.298	0.276
0	1	0.38	0.384	0.237
0	1	0.282	0.397	0.32
0	1	0.249	0.398	0.352
1	2	0.247	0.235	0.518
0	2	0.215	0.067	0.717
0	2	0.293	0.324	0.383
0	0	0.552	0.382	0.066
1	2	0.257	0.201	0.542
2	2	0.156	0.42	0.424
0	1	0.269	0.436	0.296
0	0	0.624	0.277	0.098
1	1	0.333	0.492	0.175
0	1	0.285	0.483	0.232
1	1	0.165	0.43	0.405
0	0	0.363	0.354	0.283
1	1	0.311	0.459	0.23
0	0	0.81	0.058	0.131
0	2	0.265	0.285	0.45
0	2	0.14	0.337	0.523
0	1	0.314	0.368	0.318
0	1	0.366	0.372	0.261
0	0	0.514	0.254	0.232
0	1	0.204	0.418	0.378
0	2	0.185	0.245	0.57
0	1	0.257	0.385	0.358
0	1	0.337	0.466	0.197
0	0	0.797	0.132	0.072
0	1	0.218	0.425	0.357
0	2	0.121	0.288	0.591
0	0	0.756	0.124	0.12
0	1	0.316	0.459	0.225
2	2	0.198	0.398	0.404
0	1	0.067	0.715	0.218
1	2	0.14	0.359	0.501
2	0	0.69	0.104	0.205
2	0	0.481	0.309	0.21
0	0	0.564	0.27	0.167
0	1	0.314	0.371	0.315
0	2	0.214	0.244	0.541
0	0	0.515	0.024	0.461
0	0	0.396	0.367	0.237
0	0	0.556	0.245	0.199
0	2	0.122	0.389	0.489
0	2	0.077	0.318	0.604
0	0	0.897	0.018	0.085
0	1	0.275	0.525	0.2
0	0	0.479	0.316	0.205
0	1	0.272	0.41	0.318
0	1	0.183	0.417	0.4
0	1	0.325	0.506	0.168
0	0	0.568	0.317	0.114
2	1	0.315	0.509	0.176
0	2	0.271	0.346	0.383
0	2	0.144	0.309	0.547
0	0	0.671	0.234	0.095
0	0	0.549	0.291	0.16
0	1	0.109	0.735	0.156
0	2	0.19	0.405	0.405
0	2	0.155	0.324	0.521
0	0	0.619	0.152	0.229
0	0	0.605	0.276	0.12
0	1	0.208	0.446	0.346
0	1	0.261	0.378	0.361
0	2	0.148	0.308	0.544
0	0	0.391	0.303	0.306
1	1	0.383	0.384	0.234
2	1	0.209	0.449	0.341
1	1	0.218	0.393	0.389
1	2	0.191	0.38	0.429
0	0	0.622	0.229	0.15
0	0	0.998	0	0.002
0	0	0.466	0.099	0.435
0	1	0.206	0.454	0.34
0	2	0.175	0.381	0.444
0	0	0.8	0.109	0.091
0	0	0.415	0.363	0.222
1	1	0.195	0.435	0.37
2	2	0.313	0.333	0.354
1	2	0.173	0.289	0.537
0	0	0.707	0.132	0.162
2	0	0.555	0.286	0.159
0	0	0.598	0.237	0.165
1	1	0.229	0.389	0.382
2	2	0.239	0.276	0.485
1	0	0.751	0.109	0.141
1	0	0.433	0.396	0.171
2	1	0.39	0.532	0.077
1	1	0.114	0.488	0.397
0	2	0.201	0.317	0.482
0	1	0.273	0.395	0.332
2	0	0.915	0.022	0.064
0	1	0.039	0.632	0.329
0	1	0.208	0.399	0.393
2	2	0.215	0.343	0.442
0	0	0.45	0.263	0.288
0	1	0.265	0.458	0.277
0	2	0.092	0.18	0.728
0	2	0.128	0.391	0.481
0	2	0.066	0.391	0.543
0	0	0.505	0.273	0.222
0	0	0.651	0.225	0.124
0	0	0.707	0.222	0.071
0	1	0.257	0.432	0.311
0	2	0.109	0.441	0.45
0	0	0.847	0.125	0.027
0	0	0.709	0.232	0.059
1	1	0.182	0.477	0.341
0	2	0.19	0.405	0.405
0	2	0.195	0.327	0.477
0	0	0.569	0.172	0.259
0	0	0.453	0.324	0.223
1	1	0.243	0.59	0.167
0	2	0.327	0.284	0.389
1	1	0.129	0.556	0.315
0	1	0.332	0.45	0.218
0	0	0.65	0.144	0.206
1	1	0.204	0.73	0.066
0	1	0.266	0.551	0.183
0	1	0.228	0.435	0.336
0	1	0.257	0.554	0.189
0	0	0.465	0.401	0.134
0	0	0.5	0.206	0.294
0	2	0.224	0.331	0.446
0	2	0.104	0.349	0.547
0	2	0.249	0.307	0.445
0	0	0.611	0.224	0.166
1	0	0.463	0.251	0.286
0	1	0.26	0.388	0.352
0	1	0.055	0.671	0.275
0	0	0.438	0.236	0.327
0	0	0.546	0.246	0.208
0	0	0.548	0.202	0.25
0	2	0.233	0.247	0.52
0	2	0.226	0.346	0.428
0	0	0.645	0.223	0.132
0	1	0.286	0.382	0.332
0	0	0.44	0.304	0.256
0	2	0.257	0.143	0.6
0	2	0.154	0.275	0.571
0	0	0.497	0.243	0.26
0	2	0.267	0.074	0.659
0	1	0.13	0.543	0.328
1	1	0.174	0.439	0.386
2	2	0.179	0.34	0.481
0	1	0.211	0.401	0.388
1	0	0.602	0.245	0.154
0	1	0.323	0.379	0.298
0	1	0.209	0.422	0.369
0	2	0.264	0.277	0.458
0	0	0.409	0.318	0.273
0	1	0.325	0.498	0.177
1	0	0.535	0.259	0.207
0	2	0.263	0.288	0.449
0	1	0.15	0.441	0.409
0	0	0.431	0.283	0.285
0	0	0.456	0.144	0.4
0	0	0.557	0.377	0.065
0	1	0.172	0.429	0.4
0	2	0.166	0.343	0.491
0	0	0.945	0.045	0.01
0	1	0.157	0.47	0.373
1	1	0.388	0.467	0.145
0	1	0.391	0.46	0.149
0	1	0.34	0.414	0.246
0	0	0.604	0.154	0.242
0	1	0.351	0.384	0.266
0	0	0.579	0.264	0.157
0	1	0.207	0.417	0.376
0	2	0.156	0.364	0.48
0	0	0.595	0.246	0.159
0	0	0.475	0.311	0.214
0	0	0.49	0.282	0.228
0	1	0.251	0.427	0.322
1	2	0.23	0.286	0.484
0	0	0.414	0.226	0.36
0	1	0.271	0.486	0.243
0	0	0.563	0.254	0.183
0	2	0.207	0.396	0.397
0	2	0.164	0.35	0.487
0	0	0.575	0.23	0.196
0	0	0.666	0.224	0.11
0	0	0.489	0.277	0.233
2	2	0.239	0.312	0.448
1	2	0.188	0.278	0.534
0	0	0.533	0.112	0.355
0	0	0.544	0.246	0.21
0	0	0.629	0.333	0.038
0	2	0.141	0.16	0.698
0	2	0.172	0.212	0.617
0	0	0.511	0.347	0.141
0	0	0.614	0.261	0.125
1	0	0.481	0.324	0.195
0	1	0.28	0.397	0.323
0	2	0.401	0.18	0.419
0	2	0.279	0.251	0.471
1	0	0.392	0.336	0.272
0	1	0.206	0.548	0.245
0	2	0.179	0.323	0.498
1	2	0.111	0.333	0.556
0	0	0.617	0.132	0.251
1	1	0.312	0.495	0.193
0	0	0.779	0.14	0.081
0	1	0.316	0.371	0.313
0	2	0.186	0.286	0.528
0	0	0.674	0.16	0.166
0	1	0.354	0.412	0.234
0	2	0.104	0.409	0.487
0	1	0.138	0.498	0.365
1	2	0.209	0.219	0.571
0	0	0.706	0.185	0.108
0	1	0.223	0.596	0.181
0	0	0.887	0.059	0.054
0	2	0.263	0.352	0.385
0	2	0.179	0.392	0.429
0	0	0.835	0.083	0.082
0	0	0.393	0.371	0.236
0	1	0.37	0.456	0.174
0	2	0.187	0.384	0.43
0	2	0.128	0.28	0.592
0	1	0.261	0.405	0.333
0	0	0.666	0.218	0.116
0	0	0.417	0.381	0.202
0	1	0.07	0.807	0.123
0	1	0.161	0.577	0.262
0	0	0.485	0.347	0.168
0	1	0.373	0.431	0.196
0	1	0.292	0.436	0.271
0	1	0.351	0.377	0.272
0	2	0.204	0.366	0.43
0	0	0.756	0.146	0.098
1	0	0.488	0.28	0.232
0	0	0.451	0.351	0.198
0	0	0.342	0.332	0.326
1	2	0.195	0.302	0.503
0	2	0.284	0.329	0.387
0	0	0.494	0.326	0.18
0	0	0.627	0.285	0.088
0	2	0.298	0.31	0.392
0	2	0.183	0.293	0.523
0	0	0.392	0.38	0.228
0	0	0.465	0.336	0.199
0	0	0.525	0.362	0.113
0	2	0.232	0.362	0.406
0	2	0.151	0.318	0.531
0	0	0.629	0.173	0.197
0	0	0.562	0.303	0.135
1	1	0.362	0.386	0.252
2	1	0.227	0.437	0.337
2	1	0.191	0.453	0.356
0	0	0.83	0.095	0.075
2	0	0.452	0.348	0.2
0	0	0.956	0.023	0.02
0	2	0.207	0.375	0.418
0	2	0.237	0.325	0.438
0	0	0.456	0.253	0.29
0	1	0.342	0.392	0.265
0	0	0.928	0.016	0.056
0	1	0.261	0.393	0.345
0	2	0.211	0.389	0.4
0	0	0.629	0.137	0.234
0	0	0.548	0.234	0.218
0	1	0.241	0.42	0.339
0	1	0.251	0.39	0.359
1	2	0.315	0.28	0.405
0	0	0.615	0.291	0.094
0	1	0.348	0.462	0.19
0	1	0.286	0.405	0.308
0	1	0.321	0.365	0.314
0	0	0.525	0.166	0.308
0	0	0.376	0.305	0.319
0	1	0.347	0.493	0.16
0	0	0.892	0.097	0.011
0	0	0.53	0.279	0.191
0	2	0.064	0.288	0.648
0	0	0.751	0.179	0.069
1	0	0.416	0.372	0.213
0	1	0.202	0.616	0.182
1	1	0.29	0.463	0.247
0	2	0.316	0.2	0.485
0	0	0.418	0.257	0.326
0	2	0.364	0.233	0.403
0	0	0.542	0.316	0.142
0	1	0.288	0.358	0.354
1	1	0.217	0.392	0.392
0	0	0.632	0.26	0.108
0	0	0.455	0.348	0.197
0	0	0.456	0.337	0.207
0	1	0.365	0.374	0.261
0	2	0.231	0.326	0.443
0	0	0.617	0.224	0.159
0	0	0.513	0.323	0.164
1	1	0.328	0.374	0.297
2	1	0.218	0.392	0.39
2	2	0.108	0.369	0.523
0	0	0.431	0.346	0.222
2	0	0.492	0.325	0.182
0	0	0.558	0.222	0.22
0	0	0.443	0.272	0.285
1	2	0.186	0.309	0.505
0	0	0.607	0.143	0.25
1	0	0.408	0.391	0.201
