0	1	0.179	0.675	0.147
2	0	0.516	0.257	0.227
0	0	0.573	0.355	0.072
0	0	0.76	0.199	0.042
0	0	0.599	0.306	0.095
0	1	0.176	0.749	0.075
0	2	0.015	0.027	0.958
0	1	0.4	0.522	0.079
0	0	0.447	0.151	0.403
1	1	0.193	0.625	0.182
0	2	0.025	0.058	0.917
0	0	0.716	0.187	0.096
0	0	0.79	0.136	0.075
0	2	0.173	0.348	0.479
0	2	0.08	0.262	0.658
0	0	0.897	0.085	0.018
0	0	0.765	0.159	0.077
0	0	0.481	0.418	0.101
2	2	0.312	0.334	0.354
0	0	0.689	0.253	0.058
1	2	0.069	0.116	0.816
0	0	0.605	0.325	0.07
0	2	0.116	0.112	0.772
0	1	0.24	0.574	0.186
0	0	0.674	0.184	0.142
0	2	0.19	0.213	0.598
0	0	0.524	0.341	0.135
0	0	0.592	0.146	0.262
0	0	0.84	0.078	0.082
0	0	0.927	0.057	0.016
0	1	0.348	0.413	0.239
0	1	0.206	0.668	0.127
0	1	0.311	0.612	0.077
0	0	0.759	0.136	0.105
0	1	0.366	0.413	0.221
0	1	0.21	0.724	0.065
0	2	0.222	0.21	0.568
0	0	0.712	0.157	0.13
0	1	0.322	0.553	0.125
0	0	0.884	0.083	0.034
0	1	0.366	0.455	0.179
2	0	0.639	0.311	0.051
2	2	0.128	0.107	0.766
0	1	0.149	0.688	0.163
0	0	0.88	0.086	0.034
0	0	0.847	0.111	0.042
0	0	0.607	0.261	0.132
0	0	0.876	0.071	0.053
0	0	0.72	0.214	0.066
0	0	0.752	0.161	0.087
0	0	0.722	0.167	0.112
0	0	0.796	0.113	0.091
1	0	0.618	0.238	0.144
2	1	0.316	0.611	0.072
1	0	0.458	0.283	0.258
2	0	0.778	0.138	0.084
1	0	0.606	0.288	0.106
0	0	0.907	0.067	0.026
2	0	0.763	0.193	0.044
0	1	0.258	0.703	0.039
1	0	0.536	0.083	0.381
1	0	0.582	0.371	0.047
2	1	0.112	0.678	0.21
0	0	0.795	0.156	0.049
2	1	0.392	0.528	0.08
0	0	0.8	0.141	0.06
0	0	0.515	0.361	0.124
0	1	0.302	0.589	0.109
0	0	0.79	0.168	0.042
0	0	0.483	0.294	0.222
0	0	0.698	0.25	0.052
1	1	0.335	0.359	0.306
0	1	0.133	0.814	0.053
0	0	0.796	0.121	0.083
0	0	0.435	0.311	0.254
0	0	0.793	0.142	0.065
0	0	0.712	0.254	0.034
0	1	0.275	0.576	0.149
0	0	0.701	0.18	0.12
1	1	0.257	0.582	0.161
0	0	0.593	0.335	0.072
0	0	0.779	0.161	0.06
0	0	0.694	0.103	0.203
0	1	0.121	0.81	0.069
0	2	0.059	0.03	0.911
0	2	0.075	0.043	0.882
0	0	0.522	0.367	0.111
0	1	0.121	0.627	0.252
1	1	0.238	0.583	0.179
0	0	0.865	0.057	0.078
0	0	0.855	0.102	0.044
0	1	0.056	0.797	0.146
0	0	0.886	0.071	0.043
0	1	0.349	0.497	0.154
1	1	0.306	0.585	0.108
0	0	0.658	0.082	0.26
0	1	0.172	0.754	0.074
0	0	0.907	0.076	0.017
0	0	0.806	0.121	0.074
0	0	0.913	0.062	0.025
0	0	0.81	0.164	0.026
0	0	0.649	0.263	0.087
2	2	0.023	0.059	0.918
1	1	0.336	0.531	0.133
0	0	0.746	0.095	0.159
0	0	0.787	0.124	0.089
1	0	0.643	0.306	0.05
0	0	0.656	0.243	0.101
0	1	0.361	0.555	0.084
0	0	0.81	0.152	0.038
0	0	0.696	0.102	0.202
0	0	0.506	0.381	0.114
0	0	0.845	0.088	0.068
0	2	0.134	0.231	0.635
0	1	0.372	0.575	0.053
0	0	0.722	0.207	0.071
0	1	0.262	0.553	0.186
0	1	0.166	0.769	0.065
0	0	0.808	0.078	0.114
0	1	0.181	0.781	0.038
0	1	0.283	0.588	0.128
0	0	0.819	0.087	0.094
0	0	0.541	0.38	0.079
0	0	0.65	0.204	0.146
1	0	0.499	0.396	0.105
0	0	0.502	0.352	0.145
0	1	0.454	0.479	0.068
0	1	0.289	0.415	0.296
1	1	0.179	0.759	0.062
2	2	0.054	0.04	0.907
2	2	0.284	0.315	0.401
0	0	0.809	0.129	0.062
0	0	0.578	0.236	0.186
0	0	0.796	0.113	0.09
0	0	0.661	0.275	0.064
0	1	0.365	0.469	0.166
0	0	0.659	0.201	0.14
0	0	0.798	0.135	0.067
0	1	0.191	0.727	0.082
0	0	0.768	0.17	0.063
0	0	0.93	0.057	0.012
0	1	0.426	0.53	0.045
0	0	0.763	0.031	0.206
0	0	0.556	0.263	0.18
0	0	0.732	0.233	0.035
0	0	0.848	0.096	0.056
1	1	0.155	0.778	0.067
0	1	0.317	0.592	0.092
0	0	0.952	0.025	0.023
