0	1	0.043	0.882	0.075
2	2	0.1	0.215	0.686
1	2	0.232	0.18	0.588
0	1	0.168	0.772	0.06
0	0	0.41	0.246	0.344
0	2	0.124	0.2	0.675
0	1	0.381	0.39	0.229
0	0	0.663	0.25	0.087
0	0	0.632	0.25	0.118
0	0	0.778	0.159	0.064
1	1	0.32	0.605	0.075
1	1	0.212	0.616	0.172
0	0	0.479	0.221	0.3
0	1	0.276	0.405	0.318
0	2	0.109	0.317	0.574
1	1	0.203	0.57	0.227
0	0	0.459	0.416	0.126
1	2	0.017	0.036	0.947
2	1	0.019	0.886	0.094
2	2	0.229	0.04	0.732
2	1	0.193	0.45	0.357
0	1	0.207	0.709	0.084
1	2	0.129	0.354	0.518
1	1	0.048	0.856	0.096
0	0	0.618	0.245	0.137
0	0	0.497	0.342	0.161
0	2	0.099	0.265	0.636
0	0	0.691	0.151	0.158
0	1	0.137	0.763	0.1
0	2	0.218	0.17	0.612
0	0	0.772	0.172	0.057
0	0	0.447	0.391	0.162
0	1	0.201	0.667	0.132
0	1	0.132	0.735	0.133
2	2	0.076	0.121	0.803
1	1	0.11	0.45	0.44
0	2	0.216	0.154	0.63
0	0	0.489	0.401	0.11
0	2	0.305	0.292	0.403
1	2	0.183	0.194	0.623
2	1	0.148	0.767	0.085
0	0	0.468	0.338	0.194
0	1	0.229	0.608	0.163
1	1	0.183	0.473	0.344
0	1	0.22	0.748	0.032
1	1	0.156	0.756	0.087
0	0	0.666	0.186	0.148
1	0	0.583	0.364	0.053
0	2	0.043	0.094	0.863
0	1	0.429	0.473	0.098
0	0	0.596	0.145	0.259
0	0	0.436	0.412	0.152
0	0	0.523	0.402	0.074
0	1	0.241	0.651	0.108
0	0	0.641	0.179	0.181
0	0	0.717	0.216	0.067
0	1	0.407	0.569	0.023
0	0	0.766	0.134	0.1
0	2	0.39	0.164	0.446
0	1	0.343	0.569	0.088
1	1	0.053	0.56	0.387
2	2	0.037	0.075	0.887
0	0	0.544	0.396	0.06
0	0	0.848	0.098	0.054
0	1	0.164	0.758	0.078
0	0	0.912	0.059	0.029
0	1	0.395	0.421	0.184
0	0	0.74	0.192	0.067
0	1	0.341	0.415	0.244
0	1	0.381	0.553	0.067
0	0	0.731	0.182	0.087
0	0	0.543	0.363	0.094
0	2	0.045	0.191	0.764
0	0	0.553	0.282	0.164
2	2	0.087	0.45	0.462
0	0	0.681	0.239	0.08
0	1	0.211	0.733	0.056
0	0	0.511	0.193	0.296
0	1	0.406	0.544	0.049
0	1	0.362	0.57	0.068
0	1	0.22	0.721	0.06
0	0	0.925	0.043	0.032
1	1	0.196	0.656	0.148
1	0	0.437	0.41	0.153
0	0	0.817	0.129	0.055
0	1	0.067	0.901	0.032
0	0	0.711	0.22	0.07
0	1	0.099	0.568	0.334
0	1	0.36	0.528	0.111
0	0	0.972	0.019	0.009
0	0	0.654	0.256	0.09
1	0	0.389	0.318	0.293
2	1	0.127	0.759	0.114
1	2	0.205	0.395	0.4
0	1	0.211	0.686	0.104
0	0	0.726	0.242	0.032
0	0	0.668	0.203	0.129
2	2	0.028	0.053	0.92
0	0	0.513	0.418	0.068
0	0	0.489	0.396	0.115
0	0	0.722	0.25	0.028
0	0	0.574	0.324	0.101
0	0	0.798	0.157	0.045
0	0	0.611	0.338	0.051
0	2	0.138	0.07	0.791
1	1	0.184	0.738	0.078
0	0	0.596	0.214	0.19
1	1	0.166	0.77	0.065
0	0	0.648	0.203	0.149
1	1	0.426	0.512	0.062
0	0	0.831	0.122	0.048
0	1	0.203	0.708	0.089
0	0	0.782	0.141	0.076
0	0	0.517	0.25	0.233
0	1	0.181	0.715	0.105
0	1	0.388	0.499	0.113
0	1	0.246	0.593	0.16
0	0	0.576	0.313	0.111
0	0	0.537	0.242	0.221
0	0	0.798	0.114	0.087
0	1	0.128	0.713	0.159
0	1	0.369	0.464	0.167
0	1	0.281	0.611	0.108
1	2	0.339	0.251	0.41
2	1	0.138	0.71	0.152
0	0	0.675	0.167	0.158
0	1	0.099	0.461	0.44
0	0	0.918	0.031	0.051
0	0	0.484	0.414	0.102
0	1	0.217	0.751	0.031
1	2	0.326	0.278	0.396
0	0	0.763	0.153	0.084
0	1	0.065	0.826	0.109
0	1	0.337	0.606	0.057
0	1	0.162	0.467	0.371
0	1	0.284	0.595	0.121
0	0	0.942	0.026	0.032
0	1	0.165	0.712	0.122
1	1	0.168	0.648	0.185
0	1	0.168	0.728	0.105
0	0	0.606	0.307	0.087
0	0	0.577	0.231	0.193
0	2	0.189	0.263	0.548
0	0	0.518	0.373	0.109
0	0	0.505	0.347	0.148
0	1	0.188	0.753	0.059
0	1	0.299	0.638	0.063
0	0	0.724	0.123	0.153
0	1	0.426	0.501	0.073
0	1	0.335	0.62	0.045
0	0	0.651	0.268	0.081
0	0	0.865	0.063	0.072
0	1	0.184	0.728	0.087
0	1	0.37	0.589	0.041
0	0	0.583	0.279	0.138
1	0	0.586	0.346	0.068
0	1	0.1	0.863	0.037
0	2	0.113	0.306	0.581
1	1	0.143	0.777	0.081
1	1	0.422	0.463	0.116
0	0	0.751	0.199	0.05
0	0	0.694	0.155	0.151
0	0	0.463	0.398	0.139
0	1	0.44	0.455	0.105
0	0	0.532	0.397	0.071
1	1	0.332	0.589	0.079
0	0	0.897	0.088	0.015
0	1	0.401	0.536	0.063
0	1	0.219	0.546	0.234
0	0	0.597	0.092	0.312
0	1	0.206	0.505	0.289
0	0	0.471	0.428	0.101
0	0	0.84	0.104	0.056
0	1	0.424	0.45	0.126
0	0	0.584	0.309	0.107
0	1	0.116	0.845	0.039
0	0	0.663	0.24	0.097
1	1	0.465	0.471	0.065
0	0	0.742	0.202	0.056
0	0	0.668	0.254	0.078
0	0	0.559	0.163	0.277
0	1	0.041	0.895	0.064
0	0	0.791	0.183	0.026
0	0	0.465	0.391	0.144
0	0	0.697	0.232	0.071
0	0	0.489	0.253	0.258
0	0	0.469	0.464	0.067
2	1	0.463	0.469	0.068
0	0	0.465	0.305	0.23
0	0	0.516	0.367	0.117
0	1	0.302	0.647	0.05
0	1	0.364	0.482	0.154
0	0	0.725	0.205	0.07
1	1	0.093	0.507	0.4
0	0	0.882	0.084	0.034
0	1	0.22	0.694	0.085
0	0	0.457	0.402	0.141
0	0	0.69	0.233	0.077
0	1	0.208	0.705	0.087
0	0	0.728	0.194	0.078
0	0	0.731	0.232	0.038
0	0	0.894	0.078	0.029
0	0	0.618	0.255	0.127
0	0	0.95	0.03	0.02
1	1	0.171	0.785	0.044
0	1	0.106	0.817	0.078
1	0	0.672	0.284	0.044
0	1	0.32	0.552	0.128
0	2	0.126	0.065	0.81
0	1	0.205	0.601	0.194
1	1	0.187	0.582	0.231
0	0	0.861	0.111	0.028
0	0	0.624	0.263	0.112
0	0	0.811	0.147	0.042
2	0	0.487	0.195	0.318
2	1	0.104	0.635	0.26
0	0	0.538	0.283	0.179
2	1	0.364	0.573	0.063
0	0	0.555	0.279	0.166
1	1	0.389	0.459	0.152
1	0	0.568	0.369	0.063
