0	2	0.009	0.358	0.633
2	1	0.042	0.542	0.416
1	0	0.997	0	0.003
0	0	0.666	0.333	0.001
0	0	0.574	0.251	0.175
0	2	0.094	0.191	0.715
0	0	0.797	0.19	0.012
0	0	0.903	0.068	0.03
0	0	0.965	0.03	0.005
0	2	0.005	0.126	0.868
1	2	0.189	0.021	0.789
1	2	0.03	0.015	0.956
0	1	0.305	0.371	0.324
0	1	0.423	0.575	0.002
0	2	0.102	0.211	0.688
1	1	0.356	0.493	0.151
0	1	0.146	0.743	0.111
1	2	0.001	0.008	0.99
2	1	0	0.967	0.033
2	1	0.059	0.573	0.368
2	0	0.97	0.028	0.001
0	0	0.987	0.012	0.001
1	1	0.083	0.908	0.009
1	0	0.997	0.002	0.001
0	0	0.728	0.181	0.092
0	1	0.323	0.516	0.161
0	1	0.263	0.566	0.171
0	1	0.321	0.516	0.163
0	1	0.018	0.979	0.003
0	2	0.148	0.056	0.795
0	0	0.526	0.38	0.093
0	0	0.808	0.157	0.035
0	2	0.308	0.005	0.687
0	0	0.944	0.01	0.045
2	2	0.007	0.233	0.76
1	2	0	0.01	0.99
0	2	0.001	0.379	0.62
0	2	0	0.419	0.581
0	0	0.435	0.167	0.399
1	0	0.585	0.367	0.048
2	2	0.002	0.255	0.743
0	1	0.107	0.637	0.255
0	1	0.092	0.619	0.29
1	2	0.003	0.483	0.515
0	0	0.928	0.063	0.01
1	0	0.404	0.198	0.398
0	0	0.71	0.27	0.02
1	0	0.966	0.029	0.004
0	2	0	0.015	0.985
0	0	0.962	0.032	0.006
0	1	0.088	0.579	0.333
0	0	0.602	0.344	0.054
0	0	0.86	0.025	0.115
0	0	0.903	0.048	0.049
0	0	0.35	0.313	0.337
0	0	0.712	0.214	0.074
0	1	0.426	0.572	0.002
0	0	0.779	0.219	0.002
0	2	0.002	0	0.998
0	1	0.224	0.761	0.014
1	1	0	0.611	0.389
2	1	0	0.985	0.015
0	0	0.638	0.305	0.057
0	0	0.828	0.126	0.046
0	0	0.965	0.014	0.02
0	1	0.318	0.658	0.024
0	1	0.385	0.594	0.02
0	0	0.898	0.094	0.008
0	2	0.054	0.2	0.746
0	1	0.09	0.909	0
0	2	0.276	0.046	0.678
0	2	0.372	0.017	0.611
0	1	0.03	0.567	0.403
0	1	0.473	0.52	0.007
2	2	0.001	0.437	0.562
0	0	0.892	0.051	0.057
0	1	0.164	0.836	0
0	0	0.595	0.066	0.339
0	0	0.849	0.02	0.131
0	0	0.866	0.133	0.002
0	0	0.458	0.089	0.454
0	0	0.502	0.47	0.027
1	0	0.895	0.072	0.034
1	1	0.095	0.903	0.002
0	1	0.088	0.739	0.173
0	1	0.455	0.522	0.023
0	1	0.456	0.506	0.038
0	1	0.437	0.543	0.02
0	0	0.91	0.087	0.003
0	1	0.186	0.517	0.298
0	0	0.855	0.026	0.119
1	0	0.665	0.166	0.169
2	1	0.432	0.561	0.007
1	0	0.704	0.256	0.04
0	0	0.707	0.181	0.111
0	2	0.199	0.097	0.705
0	2	0.021	0.05	0.928
2	2	0.077	0.29	0.632
0	1	0.224	0.653	0.123
0	1	0.137	0.45	0.413
0	1	0.454	0.525	0.021
0	0	0.986	0.013	0.001
0	1	0.123	0.521	0.356
0	0	0.852	0.062	0.085
0	2	0.053	0.299	0.648
1	1	0.006	0.769	0.225
0	0	0.967	0.031	0.002
1	2	0.255	0.345	0.4
0	1	0.313	0.677	0.01
1	1	0	0.919	0.081
0	0	0.81	0.169	0.021
0	0	0.872	0.065	0.063
0	1	0.217	0.509	0.274
0	0	0.971	0.002	0.027
0	0	0.813	0.053	0.134
0	0	0.781	0.144	0.076
0	0	0.538	0.044	0.418
0	0	0.905	0.087	0.008
0	1	0.457	0.541	0.002
0	0	0.53	0.469	0.001
0	2	0.269	0.286	0.445
0	2	0.005	0	0.994
0	0	0.946	0.033	0.021
1	2	0.344	0.074	0.582
2	2	0.013	0.147	0.84
0	0	0.876	0.111	0.013
0	1	0.039	0.659	0.303
0	0	0.762	0.238	0
0	0	0.901	0.067	0.032
0	0	0.492	0.458	0.051
1	1	0.011	0.857	0.133
0	0	0.914	0.085	0.001
0	0	0.971	0.017	0.012
0	1	0.154	0.786	0.06
0	1	0.011	0.637	0.352
0	0	0.656	0.296	0.049
0	2	0.103	0.261	0.636
0	0	0.543	0.426	0.03
1	2	0.017	0.46	0.523
0	1	0.001	0.973	0.026
0	0	0.947	0.046	0.006
0	1	0.055	0.57	0.374
0	0	0.787	0.189	0.025
0	0	0.561	0.436	0.003
0	0	0.921	0.015	0.065
0	0	0.815	0.174	0.011
0	1	0.343	0.642	0.015
0	0	0.991	0.005	0.004
0	0	0.985	0.013	0.002
0	2	0.152	0.381	0.467
0	1	0.089	0.662	0.25
0	2	0.038	0.001	0.96
0	0	0.504	0.47	0.027
0	0	0.935	0.007	0.058
0	2	0.235	0.013	0.752
1	0	0.507	0.454	0.039
0	2	0.354	0.173	0.473
0	0	0.491	0.254	0.256
1	0	0.775	0.155	0.07
1	2	0.028	0.286	0.686
0	1	0.345	0.655	0
0	0	0.722	0.095	0.183
0	0	0.926	0.003	0.071
0	0	0.844	0.09	0.066
0	1	0.093	0.895	0.012
1	1	0.26	0.646	0.094
0	0	0.819	0.176	0.005
0	0	0.838	0.153	0.01
0	2	0.021	0.468	0.511
0	0	0.763	0.195	0.042
0	2	0.24	0.17	0.59
0	0	0.965	0.035	0
0	0	0.832	0.164	0.004
0	0	0.584	0.349	0.067
0	0	0.688	0.213	0.099
0	1	0.154	0.559	0.287
0	0	0.843	0.154	0.003
1	0	0.657	0.131	0.212
0	0	0.97	0.029	0
0	1	0.1	0.552	0.348
0	1	0.393	0.56	0.048
0	2	0.149	0.345	0.506
0	1	0.41	0.438	0.152
0	2	0.115	0.238	0.646
0	0	0.984	0.013	0.003
0	1	0.189	0.797	0.015
0	0	0.957	0.021	0.022
2	1	0.392	0.596	0.012
0	2	0.025	0.199	0.776
0	0	0.697	0.196	0.107
0	1	0.212	0.545	0.243
0	0	0.952	0.032	0.016
0	2	0.372	0.065	0.562
1	2	0.14	0.037	0.824
0	1	0.007	0.919	0.075
0	0	0.847	0.039	0.114
0	1	0	0.994	0.005
0	1	0.001	0.913	0.085
0	1	0	0.988	0.012
0	1	0	0.995	0.005
0	2	0.176	0.063	0.761
0	0	0.862	0.138	0
0	0	0.971	0.028	0
0	1	0.441	0.524	0.035
1	1	0.275	0.618	0.107
0	1	0.041	0.894	0.065
1	2	0.112	0.016	0.872
0	0	0.973	0.019	0.007
0	2	0	0.039	0.961
0	1	0.073	0.854	0.073
1	0	0.879	0.075	0.047
0	0	0.998	0	0.002
0	0	0.985	0.012	0.003
0	0	0.956	0.029	0.014
2	0	0.937	0.063	0
2	0	0.666	0.089	0.245
0	1	0	0.99	0.01
2	0	0.663	0.324	0.012
0	1	0.197	0.602	0.201
1	0	0.505	0.086	0.409
1	0	0.906	0.009	0.085
