0	0	0.475	0.389	0.136
2	2	0.36	0.196	0.445
0	0	0.78	0.169	0.051
0	0	0.453	0.423	0.125
0	0	0.484	0.398	0.118
0	1	0.159	0.673	0.168
0	2	0.027	0.077	0.896
0	1	0.091	0.799	0.11
0	2	0.13	0.143	0.727
1	1	0.232	0.464	0.304
0	2	0.042	0.133	0.825
0	0	0.758	0.156	0.086
0	0	0.637	0.189	0.174
0	1	0.168	0.425	0.407
0	2	0.163	0.29	0.547
0	0	0.896	0.064	0.04
0	0	0.721	0.226	0.052
0	0	0.75	0.162	0.087
2	2	0.332	0.311	0.357
0	0	0.856	0.086	0.058
1	2	0.056	0.076	0.868
0	0	0.625	0.304	0.071
0	2	0.06	0.067	0.872
0	0	0.466	0.386	0.148
0	0	0.785	0.121	0.094
0	0	0.508	0.145	0.346
0	1	0.283	0.521	0.196
0	0	0.563	0.213	0.224
0	0	0.805	0.134	0.062
0	0	0.862	0.086	0.052
0	0	0.452	0.294	0.254
0	0	0.565	0.311	0.123
0	1	0.347	0.559	0.095
0	0	0.884	0.079	0.037
0	0	0.6	0.312	0.088
0	1	0.211	0.716	0.073
0	2	0.167	0.241	0.592
0	0	0.811	0.147	0.042
0	0	0.425	0.41	0.165
0	0	0.666	0.163	0.172
0	0	0.638	0.279	0.083
2	1	0.387	0.454	0.159
2	2	0.21	0.095	0.695
0	0	0.549	0.288	0.164
0	0	0.879	0.081	0.039
0	0	0.637	0.228	0.135
0	0	0.5	0.284	0.216
0	0	0.912	0.061	0.027
0	1	0.234	0.716	0.05
0	0	0.791	0.15	0.059
0	0	0.766	0.15	0.085
0	0	0.734	0.174	0.092
1	0	0.743	0.183	0.074
2	1	0.374	0.561	0.065
1	0	0.519	0.197	0.284
2	0	0.604	0.142	0.253
1	1	0.396	0.487	0.117
0	0	0.723	0.114	0.162
2	0	0.829	0.106	0.065
0	0	0.502	0.465	0.033
1	0	0.532	0.098	0.369
1	0	0.562	0.387	0.051
2	1	0.327	0.504	0.169
0	0	0.823	0.132	0.045
2	0	0.936	0.056	0.009
0	0	0.664	0.137	0.199
0	1	0.275	0.562	0.162
0	1	0.289	0.634	0.077
0	0	0.857	0.099	0.044
0	0	0.719	0.187	0.095
0	1	0.441	0.465	0.094
1	0	0.396	0.324	0.28
0	1	0.152	0.758	0.09
0	0	0.964	0.02	0.017
0	0	0.542	0.24	0.218
0	0	0.916	0.058	0.026
0	0	0.638	0.305	0.056
0	1	0.26	0.593	0.146
0	0	0.669	0.193	0.138
1	1	0.267	0.572	0.161
0	0	0.82	0.154	0.026
0	0	0.826	0.135	0.039
0	2	0.327	0.112	0.562
0	1	0.165	0.767	0.068
0	2	0.013	0.037	0.95
0	2	0.392	0.182	0.426
0	0	0.503	0.368	0.129
0	0	0.632	0.196	0.172
1	0	0.483	0.346	0.171
0	0	0.62	0.208	0.173
0	0	0.784	0.081	0.136
0	1	0.278	0.598	0.125
0	0	0.701	0.139	0.16
0	0	0.521	0.386	0.093
1	1	0.337	0.541	0.121
0	2	0.236	0.135	0.629
0	1	0.228	0.716	0.056
0	1	0.395	0.469	0.136
0	0	0.511	0.174	0.314
0	0	0.845	0.051	0.105
0	0	0.819	0.109	0.072
0	0	0.604	0.309	0.087
2	2	0.007	0.066	0.927
1	1	0.225	0.688	0.087
0	0	0.845	0.099	0.056
0	0	0.783	0.141	0.076
1	0	0.869	0.108	0.022
0	0	0.857	0.105	0.038
0	1	0.414	0.464	0.122
0	0	0.84	0.103	0.057
0	2	0.386	0.065	0.549
0	1	0.412	0.488	0.101
0	0	0.804	0.139	0.057
0	0	0.453	0.167	0.381
0	1	0.191	0.746	0.062
0	0	0.621	0.309	0.07
0	1	0.216	0.578	0.206
0	1	0.193	0.71	0.097
0	0	0.879	0.077	0.043
0	1	0.142	0.797	0.061
0	0	0.569	0.352	0.08
0	0	0.833	0.079	0.087
0	1	0.357	0.549	0.094
0	0	0.513	0.227	0.259
1	1	0.222	0.541	0.237
0	0	0.691	0.107	0.202
0	1	0.424	0.486	0.09
0	0	0.928	0.049	0.023
1	1	0.147	0.802	0.051
2	2	0.01	0.033	0.957
2	2	0.16	0.342	0.498
0	0	0.87	0.105	0.025
0	0	0.743	0.148	0.109
0	0	0.9	0.057	0.043
0	0	0.85	0.116	0.034
0	0	0.488	0.415	0.097
0	0	0.876	0.084	0.04
0	0	0.854	0.107	0.039
0	1	0.373	0.52	0.107
0	0	0.488	0.277	0.234
0	0	0.791	0.101	0.108
0	1	0.383	0.57	0.047
0	0	0.47	0.067	0.463
0	0	0.658	0.192	0.15
0	0	0.465	0.465	0.07
0	0	0.706	0.118	0.176
1	1	0.172	0.683	0.146
0	1	0.427	0.514	0.06
0	0	0.824	0.075	0.1
