0	1	0.185	0.704	0.111
2	2	0.002	0.25	0.748
1	2	0.005	0.052	0.942
0	0	0.541	0.394	0.064
0	2	0.108	0.28	0.612
0	2	0.112	0.245	0.643
0	0	0.776	0.188	0.036
0	0	0.868	0.099	0.033
0	0	0.896	0.071	0.033
0	1	0.191	0.567	0.242
1	1	0.037	0.768	0.196
1	1	0.069	0.667	0.264
0	0	0.523	0.18	0.297
0	0	0.679	0.255	0.066
0	2	0.065	0.242	0.693
1	1	0.111	0.555	0.334
0	0	0.647	0.314	0.039
1	2	0.001	0.002	0.997
2	1	0.003	0.994	0.003
2	1	0.025	0.58	0.395
2	0	0.405	0.384	0.211
0	0	0.732	0.244	0.024
1	1	0.019	0.805	0.176
1	0	0.631	0.269	0.1
0	0	0.912	0.064	0.024
0	0	0.668	0.282	0.05
0	1	0.126	0.477	0.397
0	1	0.273	0.542	0.185
0	1	0.184	0.737	0.079
0	0	0.622	0.19	0.188
0	0	0.715	0.183	0.102
0	0	0.9	0.042	0.058
0	1	0.035	0.675	0.29
0	1	0.319	0.57	0.111
2	2	0.079	0.036	0.886
1	2	0.035	0.317	0.648
0	0	0.683	0.201	0.116
0	1	0.105	0.867	0.028
0	0	0.816	0.17	0.014
1	1	0.029	0.589	0.382
2	1	0.05	0.72	0.23
0	0	0.775	0.197	0.028
0	1	0.232	0.658	0.11
1	0	0.616	0.351	0.033
0	1	0.146	0.803	0.051
1	1	0.094	0.796	0.11
0	0	0.724	0.163	0.113
1	1	0.436	0.494	0.07
0	2	0.003	0.018	0.979
0	0	0.844	0.14	0.016
0	0	0.667	0.214	0.119
0	1	0.229	0.682	0.089
0	0	0.7	0.238	0.063
0	1	0.036	0.6	0.364
0	0	0.886	0.056	0.058
0	0	0.688	0.273	0.04
0	0	0.584	0.393	0.023
0	0	0.944	0.045	0.011
0	0	0.928	0.042	0.03
0	1	0.085	0.84	0.075
1	1	0.017	0.548	0.435
2	2	0.071	0.131	0.798
0	0	0.689	0.275	0.036
0	0	0.769	0.208	0.023
0	1	0.275	0.678	0.047
0	0	0.647	0.211	0.141
0	1	0.437	0.53	0.033
0	0	0.892	0.091	0.017
0	1	0.039	0.558	0.404
0	0	0.514	0.287	0.199
0	0	0.424	0.393	0.183
0	1	0.291	0.616	0.093
0	0	0.68	0.225	0.095
0	0	0.87	0.11	0.02
2	2	0.099	0.221	0.68
0	0	0.657	0.297	0.046
0	1	0.015	0.944	0.041
0	0	0.954	0.018	0.027
0	1	0.098	0.876	0.026
0	0	0.609	0.339	0.053
0	1	0.107	0.848	0.045
0	0	0.981	0.013	0.006
1	2	0.196	0.301	0.504
1	0	0.807	0.172	0.022
0	0	0.899	0.099	0.003
0	1	0.403	0.571	0.026
0	1	0.207	0.71	0.083
0	1	0.238	0.684	0.078
0	0	0.541	0.396	0.063
0	0	0.984	0.013	0.003
0	0	0.902	0.077	0.02
1	0	0.843	0.082	0.075
2	1	0.078	0.71	0.213
1	1	0.337	0.471	0.192
0	1	0.024	0.944	0.032
0	1	0.264	0.505	0.231
0	2	0.063	0.381	0.556
2	2	0.054	0.026	0.92
0	1	0.33	0.611	0.059
0	0	0.813	0.124	0.063
0	1	0.156	0.789	0.056
0	1	0.209	0.629	0.162
0	0	0.99	0.005	0.005
0	0	0.922	0.066	0.013
0	2	0.281	0.309	0.41
1	1	0.135	0.556	0.309
0	0	0.898	0.068	0.034
1	1	0.024	0.876	0.1
0	0	0.896	0.077	0.027
1	1	0.346	0.52	0.134
0	0	0.903	0.089	0.008
0	1	0.102	0.827	0.071
0	0	0.871	0.114	0.015
0	2	0.184	0.182	0.634
0	1	0.125	0.753	0.122
0	0	0.479	0.442	0.08
0	1	0.349	0.475	0.176
0	0	0.86	0.114	0.026
0	0	0.774	0.061	0.165
0	0	0.979	0.014	0.007
0	1	0.269	0.492	0.239
0	1	0.309	0.529	0.162
0	0	0.658	0.274	0.068
1	0	0.49	0.299	0.212
2	1	0.065	0.707	0.228
0	0	0.66	0.224	0.116
0	1	0.217	0.5	0.283
0	0	0.93	0.055	0.015
0	0	0.529	0.405	0.066
0	1	0.075	0.91	0.015
1	2	0.037	0.366	0.596
0	0	0.97	0.024	0.006
0	1	0.382	0.575	0.042
0	1	0.215	0.758	0.028
0	1	0.045	0.838	0.118
0	1	0.145	0.817	0.037
0	0	0.627	0.069	0.304
0	1	0.314	0.511	0.176
1	1	0.237	0.644	0.118
0	1	0.079	0.912	0.009
0	1	0.106	0.847	0.047
0	0	0.871	0.106	0.023
0	0	0.568	0.211	0.222
0	1	0.259	0.529	0.212
0	1	0.437	0.522	0.041
0	0	0.595	0.359	0.046
0	1	0.222	0.712	0.067
0	0	0.841	0.135	0.024
0	0	0.712	0.206	0.082
0	1	0.277	0.585	0.138
0	2	0.298	0.34	0.362
0	0	0.661	0.22	0.119
0	1	0.036	0.882	0.082
0	0	0.674	0.286	0.04
0	1	0.335	0.59	0.075
1	0	0.552	0.402	0.046
0	1	0.261	0.696	0.043
0	2	0.064	0.295	0.641
1	1	0.039	0.738	0.222
1	1	0.101	0.75	0.149
0	0	0.897	0.063	0.04
0	0	0.836	0.132	0.032
0	0	0.777	0.179	0.044
0	0	0.913	0.056	0.032
0	1	0.051	0.933	0.017
1	0	0.808	0.142	0.05
0	0	0.99	0.008	0.002
0	1	0.289	0.661	0.051
0	1	0.227	0.659	0.114
0	0	0.702	0.051	0.246
0	1	0.134	0.654	0.213
0	0	0.679	0.227	0.094
0	0	0.91	0.077	0.013
0	0	0.611	0.354	0.035
0	1	0.38	0.591	0.029
0	1	0.446	0.506	0.049
0	0	0.875	0.099	0.025
1	1	0.072	0.92	0.008
0	0	0.985	0.013	0.003
0	0	0.826	0.144	0.031
0	0	0.882	0.104	0.014
0	1	0.016	0.851	0.133
0	0	0.695	0.281	0.024
0	0	0.609	0.327	0.064
0	0	0.953	0.037	0.01
0	0	0.982	0.015	0.003
0	1	0.388	0.554	0.058
2	0	0.563	0.411	0.026
0	2	0.055	0.281	0.663
0	1	0.445	0.449	0.106
0	0	0.482	0.448	0.07
0	1	0.225	0.762	0.013
0	1	0.446	0.485	0.07
1	1	0.234	0.475	0.291
0	0	0.723	0.248	0.029
0	0	0.502	0.443	0.055
0	1	0.208	0.784	0.008
0	1	0.11	0.887	0.002
0	1	0.117	0.881	0.002
0	0	0.653	0.328	0.019
0	0	0.559	0.404	0.037
0	0	0.881	0.077	0.042
0	0	0.775	0.163	0.062
0	0	0.943	0.032	0.025
1	1	0.321	0.654	0.025
0	1	0.135	0.802	0.063
1	1	0.287	0.67	0.043
0	0	0.732	0.238	0.029
0	2	0.002	0.008	0.99
0	1	0.124	0.774	0.103
1	0	0.725	0.191	0.084
0	0	0.889	0.066	0.044
0	0	0.698	0.262	0.039
0	0	0.831	0.095	0.074
2	0	0.473	0.245	0.282
2	2	0.054	0.129	0.817
0	1	0.17	0.79	0.04
2	1	0.284	0.697	0.019
0	0	0.553	0.317	0.131
1	1	0.115	0.766	0.119
1	0	0.848	0.121	0.031
