0	0	0.475	0.389	0.136
0	1	0.087	0.83	0.083
2	2	0.217	0.189	0.594
2	2	0.36	0.196	0.445
1	2	0.29	0.196	0.514
0	1	0.31	0.563	0.127
0	2	0.222	0.3	0.477
0	2	0.179	0.179	0.641
0	0	0.63	0.204	0.166
0	0	0.76	0.146	0.094
0	0	0.78	0.169	0.051
0	0	0.588	0.238	0.174
0	0	0.609	0.237	0.153
0	0	0.453	0.423	0.125
0	0	0.484	0.398	0.118
0	1	0.159	0.673	0.168
0	2	0.027	0.077	0.896
0	1	0.091	0.799	0.11
0	2	0.13	0.143	0.727
1	1	0.315	0.589	0.095
1	1	0.232	0.464	0.304
0	2	0.042	0.133	0.825
1	1	0.183	0.613	0.204
0	0	0.758	0.156	0.086
0	2	0.317	0.34	0.343
0	0	0.623	0.285	0.092
0	2	0.165	0.368	0.467
1	1	0.145	0.579	0.276
0	0	0.637	0.189	0.174
0	0	0.609	0.297	0.094
0	1	0.168	0.425	0.407
0	2	0.163	0.29	0.547
1	2	0.038	0.082	0.88
0	0	0.896	0.064	0.04
0	0	0.721	0.226	0.052
2	1	0.247	0.584	0.169
2	2	0.029	0.095	0.876
2	1	0.299	0.545	0.156
0	0	0.75	0.162	0.087
0	1	0.436	0.509	0.055
2	2	0.332	0.311	0.357
1	2	0.109	0.4	0.491
1	1	0.267	0.681	0.052
0	0	0.856	0.086	0.058
0	0	0.759	0.144	0.097
1	2	0.056	0.076	0.868
0	0	0.603	0.275	0.122
0	2	0.135	0.261	0.603
0	0	0.631	0.225	0.144
0	0	0.625	0.304	0.071
0	2	0.06	0.067	0.872
0	0	0.466	0.386	0.148
0	0	0.785	0.121	0.094
0	0	0.508	0.145	0.346
0	1	0.283	0.521	0.196
0	1	0.282	0.576	0.142
0	2	0.071	0.075	0.854
0	0	0.563	0.213	0.224
0	0	0.805	0.134	0.062
0	0	0.793	0.172	0.035
0	0	0.808	0.1	0.092
0	1	0.03	0.818	0.152
0	1	0.219	0.704	0.077
0	0	0.862	0.086	0.052
0	0	0.452	0.294	0.254
0	0	0.565	0.311	0.123
0	1	0.347	0.559	0.095
2	2	0.047	0.121	0.832
0	0	0.884	0.079	0.037
0	0	0.6	0.312	0.088
0	1	0.211	0.716	0.073
0	2	0.167	0.241	0.592
1	2	0.178	0.223	0.599
0	0	0.613	0.062	0.325
0	1	0.43	0.434	0.136
0	0	0.715	0.233	0.052
1	1	0.1	0.707	0.192
2	1	0.181	0.729	0.09
0	0	0.584	0.333	0.082
0	1	0.305	0.445	0.25
1	0	0.604	0.348	0.048
0	1	0.197	0.78	0.023
1	1	0.211	0.699	0.09
0	0	0.479	0.214	0.307
1	1	0.413	0.535	0.052
0	0	0.811	0.147	0.042
0	2	0.02	0.081	0.898
0	0	0.493	0.401	0.106
0	0	0.749	0.117	0.134
0	0	0.454	0.427	0.12
0	0	0.561	0.385	0.054
0	0	0.425	0.41	0.165
0	1	0.162	0.69	0.148
0	2	0.339	0.152	0.509
0	0	0.504	0.38	0.116
0	0	0.638	0.285	0.077
0	0	0.708	0.205	0.087
0	0	0.493	0.268	0.239
0	0	0.666	0.163	0.172
0	0	0.638	0.279	0.083
2	1	0.387	0.454	0.159
0	1	0.101	0.844	0.055
1	1	0.094	0.587	0.319
2	2	0.21	0.095	0.695
2	2	0.03	0.065	0.905
0	0	0.719	0.254	0.027
0	0	0.676	0.196	0.128
0	1	0.233	0.648	0.119
0	0	0.882	0.074	0.044
0	0	0.503	0.403	0.093
0	0	0.701	0.237	0.063
0	1	0.251	0.476	0.273
0	0	0.549	0.288	0.164
0	0	0.879	0.081	0.039
0	0	0.637	0.228	0.135
0	0	0.622	0.324	0.054
0	1	0.319	0.426	0.255
0	1	0.259	0.662	0.079
0	1	0.283	0.371	0.346
0	0	0.737	0.193	0.071
2	1	0.141	0.542	0.317
0	0	0.51	0.389	0.101
0	1	0.207	0.742	0.051
0	0	0.695	0.165	0.14
0	0	0.5	0.284	0.216
0	1	0.327	0.614	0.058
0	1	0.352	0.559	0.089
0	1	0.138	0.763	0.1
0	0	0.94	0.038	0.022
0	0	0.912	0.061	0.027
0	1	0.234	0.716	0.05
0	0	0.791	0.15	0.059
0	0	0.766	0.15	0.085
0	0	0.734	0.174	0.092
1	0	0.743	0.183	0.074
2	1	0.374	0.561	0.065
1	1	0.174	0.616	0.21
1	0	0.66	0.238	0.102
0	0	0.868	0.11	0.022
0	1	0.471	0.514	0.015
0	1	0.12	0.793	0.086
0	1	0.135	0.698	0.167
0	1	0.199	0.689	0.112
0	0	0.91	0.076	0.014
0	0	0.799	0.14	0.061
1	0	0.519	0.197	0.284
2	0	0.604	0.142	0.253
1	1	0.396	0.487	0.117
0	0	0.723	0.114	0.162
2	0	0.829	0.106	0.065
0	0	0.502	0.465	0.033
1	0	0.535	0.199	0.265
2	1	0.153	0.791	0.057
1	0	0.532	0.098	0.369
1	0	0.562	0.387	0.051
2	1	0.327	0.504	0.169
1	2	0.291	0.331	0.378
0	1	0.117	0.769	0.114
0	0	0.823	0.132	0.045
2	0	0.936	0.056	0.009
0	1	0.246	0.671	0.083
0	2	0.107	0.216	0.678
2	2	0.011	0.025	0.965
0	0	0.664	0.137	0.199
0	1	0.374	0.525	0.101
0	0	0.821	0.108	0.072
0	1	0.275	0.562	0.162
0	1	0.289	0.634	0.077
0	0	0.857	0.099	0.044
0	0	0.719	0.187	0.095
0	1	0.466	0.499	0.035
0	1	0.441	0.465	0.094
0	1	0.246	0.614	0.139
0	0	0.911	0.065	0.024
0	0	0.816	0.149	0.035
1	0	0.396	0.324	0.28
0	2	0	0.086	0.914
0	1	0.152	0.758	0.09
0	0	0.964	0.02	0.017
0	0	0.542	0.24	0.218
1	1	0.167	0.735	0.098
0	0	0.609	0.2	0.191
1	1	0.177	0.753	0.069
0	0	0.516	0.236	0.248
0	0	0.916	0.058	0.026
1	1	0.162	0.75	0.088
0	0	0.676	0.279	0.044
0	1	0.162	0.778	0.061
0	0	0.673	0.239	0.088
0	0	0.638	0.305	0.056
0	1	0.26	0.593	0.146
0	0	0.555	0.227	0.217
0	1	0.193	0.685	0.122
0	0	0.669	0.193	0.138
0	0	0.613	0.31	0.077
1	1	0.267	0.572	0.161
0	0	0.82	0.154	0.026
0	1	0.301	0.604	0.095
0	0	0.826	0.135	0.039
0	0	0.773	0.176	0.051
0	0	0.436	0.311	0.253
0	0	0.812	0.088	0.1
0	1	0.203	0.544	0.253
0	2	0.327	0.112	0.562
0	1	0.165	0.767	0.068
0	1	0.232	0.464	0.304
0	2	0.013	0.037	0.95
0	1	0.311	0.609	0.079
0	2	0.392	0.182	0.426
0	0	0.503	0.368	0.129
0	0	0.632	0.196	0.172
1	2	0.32	0.164	0.515
2	1	0.166	0.744	0.09
0	2	0.309	0.215	0.476
1	0	0.483	0.346	0.171
0	1	0.134	0.476	0.39
0	0	0.892	0.058	0.05
0	0	0.599	0.323	0.078
0	0	0.62	0.208	0.173
0	1	0.084	0.875	0.041
1	2	0.15	0.323	0.527
0	0	0.88	0.043	0.077
0	1	0.2	0.736	0.064
0	0	0.784	0.081	0.136
0	1	0.278	0.598	0.125
0	1	0.381	0.571	0.047
0	1	0.181	0.494	0.325
0	1	0.197	0.67	0.134
0	0	0.626	0.071	0.302
0	1	0.152	0.744	0.105
1	1	0.257	0.557	0.187
0	1	0.143	0.815	0.042
0	1	0.174	0.78	0.046
0	0	0.826	0.108	0.066
0	2	0.229	0.243	0.529
0	1	0.458	0.476	0.066
0	1	0.352	0.504	0.144
0	1	0.309	0.584	0.107
0	0	0.701	0.139	0.16
0	0	0.521	0.386	0.093
0	1	0.288	0.631	0.081
0	0	0.749	0.136	0.115
1	1	0.337	0.541	0.121
0	2	0.236	0.135	0.629
0	1	0.228	0.716	0.056
0	1	0.395	0.469	0.136
0	0	0.511	0.174	0.314
0	0	0.587	0.274	0.139
0	0	0.845	0.051	0.105
0	0	0.819	0.109	0.072
0	0	0.604	0.309	0.087
2	2	0.007	0.066	0.927
1	1	0.225	0.688	0.087
0	0	0.845	0.099	0.056
0	1	0.347	0.594	0.058
0	0	0.491	0.424	0.084
0	2	0.398	0.197	0.405
0	1	0.149	0.767	0.084
0	0	0.783	0.141	0.076
0	0	0.619	0.349	0.032
1	0	0.869	0.108	0.022
0	1	0.358	0.488	0.154
0	0	0.857	0.105	0.038
0	1	0.414	0.464	0.122
1	0	0.502	0.428	0.07
0	1	0.203	0.732	0.066
0	2	0.126	0.258	0.616
1	1	0.046	0.858	0.096
0	0	0.84	0.103	0.057
1	1	0.139	0.755	0.106
0	0	0.906	0.082	0.011
0	0	0.797	0.151	0.053
0	0	0.51	0.386	0.104
0	2	0.386	0.065	0.549
0	1	0.412	0.488	0.101
0	1	0.206	0.732	0.062
0	1	0.246	0.706	0.048
1	1	0.272	0.633	0.095
0	0	0.959	0.038	0.004
0	1	0.332	0.637	0.032
0	0	0.804	0.139	0.057
0	0	0.453	0.167	0.381
0	1	0.217	0.5	0.283
0	0	0.648	0.09	0.262
0	1	0.191	0.746	0.062
0	0	0.621	0.309	0.07
0	1	0.176	0.574	0.25
0	1	0.409	0.458	0.133
0	0	0.703	0.175	0.122
0	0	0.716	0.224	0.061
0	1	0.216	0.578	0.206
0	0	0.438	0.381	0.181
0	1	0.193	0.71	0.097
0	0	0.879	0.077	0.043
0	1	0.142	0.797	0.061
0	0	0.47	0.447	0.084
0	0	0.814	0.133	0.052
0	0	0.569	0.352	0.08
0	0	0.833	0.079	0.087
1	0	0.469	0.467	0.064
0	1	0.357	0.549	0.094
0	0	0.513	0.227	0.259
1	1	0.222	0.541	0.237
0	0	0.691	0.107	0.202
0	1	0.424	0.486	0.09
0	0	0.928	0.049	0.023
0	0	0.856	0.107	0.037
0	0	0.786	0.163	0.05
0	0	0.741	0.185	0.074
0	1	0.299	0.636	0.064
0	0	0.72	0.251	0.029
0	1	0.273	0.488	0.239
0	0	0.675	0.266	0.059
0	0	0.951	0.025	0.024
0	0	0.714	0.24	0.046
1	1	0.147	0.802	0.051
2	2	0.01	0.033	0.957
2	2	0.16	0.342	0.498
0	0	0.87	0.105	0.025
2	1	0.467	0.469	0.064
0	0	0.743	0.148	0.109
0	1	0.153	0.438	0.409
0	1	0.291	0.551	0.159
0	0	0.9	0.057	0.043
0	1	0.183	0.746	0.072
0	0	0.85	0.116	0.034
0	0	0.488	0.415	0.097
0	0	0.508	0.385	0.107
0	0	0.876	0.084	0.04
0	0	0.854	0.107	0.039
0	1	0.373	0.52	0.107
0	0	0.715	0.202	0.084
1	1	0.249	0.594	0.157
0	0	0.769	0.212	0.019
0	1	0.259	0.684	0.057
0	1	0.257	0.637	0.106
0	1	0.196	0.741	0.063
0	1	0.365	0.576	0.06
0	0	0.854	0.113	0.033
0	0	0.488	0.277	0.234
0	0	0.637	0.284	0.078
0	0	0.705	0.195	0.1
0	0	0.703	0.174	0.124
0	0	0.88	0.053	0.067
1	1	0.262	0.685	0.052
0	1	0.163	0.803	0.034
1	1	0.344	0.501	0.155
0	0	0.472	0.367	0.16
0	0	0.791	0.101	0.108
0	2	0.035	0.064	0.9
0	1	0.383	0.57	0.047
0	1	0.184	0.658	0.159
1	1	0.126	0.768	0.106
0	0	0.47	0.067	0.463
0	0	0.658	0.192	0.15
0	0	0.465	0.465	0.07
0	0	0.837	0.103	0.061
0	0	0.621	0.192	0.187
0	0	0.706	0.118	0.176
0	0	0.585	0.261	0.154
1	1	0.172	0.683	0.146
2	2	0.21	0.186	0.603
2	1	0.085	0.66	0.255
0	0	0.587	0.317	0.095
2	1	0.417	0.521	0.061
0	1	0.427	0.514	0.06
0	0	0.433	0.295	0.273
1	1	0.248	0.624	0.128
0	0	0.824	0.075	0.1
1	0	0.678	0.246	0.076
