0	0	0.937	0.053	0.009
2	2	0.016	0.485	0.5
0	0	0.934	0.058	0.008
0	0	0.866	0.105	0.028
0	0	0.686	0.26	0.054
0	1	0.437	0.51	0.053
0	2	0.149	0.042	0.809
0	0	0.572	0.367	0.061
0	0	0.625	0.044	0.331
1	0	0.505	0.317	0.178
0	2	0.202	0.112	0.687
0	0	0.961	0.023	0.016
0	0	0.834	0.111	0.054
0	2	0.188	0.351	0.461
0	2	0.152	0.286	0.562
0	0	0.961	0.03	0.009
0	0	0.76	0.213	0.027
0	0	0.923	0.042	0.035
2	0	0.594	0.255	0.15
0	0	0.967	0.016	0.017
1	1	0.073	0.497	0.43
0	0	0.807	0.175	0.018
0	2	0.348	0.271	0.381
0	0	0.717	0.237	0.046
0	0	0.961	0.03	0.01
0	0	0.889	0.08	0.032
0	0	0.602	0.328	0.07
0	0	0.815	0.148	0.037
0	0	0.899	0.071	0.03
0	0	0.922	0.047	0.031
0	0	0.727	0.185	0.089
0	1	0.334	0.583	0.083
0	1	0.445	0.479	0.076
0	0	0.793	0.117	0.09
0	0	0.8	0.133	0.067
0	1	0.162	0.792	0.046
0	1	0.175	0.62	0.205
0	0	0.702	0.239	0.06
0	0	0.68	0.251	0.069
0	0	0.935	0.055	0.01
0	0	0.794	0.186	0.02
2	0	0.686	0.267	0.048
2	0	0.366	0.281	0.353
0	0	0.742	0.206	0.052
0	0	0.903	0.072	0.025
0	0	0.937	0.054	0.009
0	0	0.863	0.083	0.054
0	0	0.953	0.042	0.006
0	1	0.28	0.647	0.073
0	0	0.955	0.022	0.023
0	0	0.963	0.019	0.018
0	0	0.907	0.035	0.059
1	0	0.898	0.065	0.038
2	1	0.461	0.479	0.06
1	0	0.858	0.097	0.045
2	0	0.898	0.052	0.049
1	0	0.712	0.209	0.078
0	2	0.265	0.176	0.559
2	0	0.75	0.176	0.074
0	1	0.094	0.6	0.306
1	2	0.243	0.135	0.622
1	1	0.299	0.503	0.198
2	0	0.921	0.043	0.037
0	0	0.963	0.027	0.01
2	0	0.97	0.014	0.016
0	0	0.949	0.034	0.017
0	1	0.094	0.748	0.157
0	1	0.152	0.716	0.133
0	0	0.987	0.009	0.003
0	0	0.737	0.223	0.04
0	0	0.626	0.321	0.053
1	0	0.699	0.245	0.056
0	1	0.129	0.798	0.073
0	0	0.904	0.074	0.022
0	0	0.782	0.16	0.058
0	0	0.964	0.03	0.006
0	0	0.879	0.111	0.01
0	1	0.366	0.484	0.15
0	0	0.831	0.105	0.064
1	0	0.484	0.387	0.129
0	0	0.947	0.041	0.012
0	0	0.922	0.061	0.017
0	0	0.663	0.032	0.305
0	1	0.253	0.632	0.114
0	2	0.112	0.163	0.725
0	0	0.515	0.298	0.188
0	0	0.553	0.368	0.079
0	0	0.717	0.244	0.039
1	0	0.83	0.138	0.031
0	0	0.705	0.144	0.15
0	0	0.946	0.037	0.018
0	1	0.319	0.476	0.204
0	0	0.792	0.091	0.116
0	0	0.433	0.377	0.19
1	1	0.228	0.679	0.093
0	2	0.249	0.24	0.511
0	1	0.099	0.884	0.016
0	0	0.732	0.208	0.06
0	0	0.777	0.14	0.083
0	0	0.914	0.05	0.036
0	0	0.942	0.041	0.017
0	0	0.766	0.16	0.075
2	2	0.018	0.212	0.77
1	0	0.602	0.313	0.085
0	0	0.782	0.152	0.067
0	0	0.905	0.056	0.04
1	0	0.983	0.011	0.006
0	0	0.983	0.009	0.007
0	0	0.662	0.286	0.052
0	0	0.947	0.042	0.01
0	0	0.94	0.007	0.052
0	0	0.674	0.258	0.068
0	0	0.896	0.049	0.055
0	0	0.845	0.062	0.092
0	1	0.344	0.54	0.116
0	0	0.836	0.146	0.018
0	1	0.263	0.636	0.101
0	1	0.093	0.89	0.016
0	0	0.976	0.019	0.005
0	1	0.058	0.915	0.026
0	0	0.926	0.056	0.018
0	0	0.947	0.041	0.013
0	0	0.796	0.159	0.045
0	0	0.601	0.304	0.096
1	0	0.76	0.197	0.043
0	0	0.923	0.055	0.022
0	0	0.724	0.235	0.041
0	0	0.99	0.009	0.002
1	1	0.271	0.69	0.04
2	2	0.007	0.027	0.966
2	1	0.121	0.66	0.219
0	0	0.992	0.006	0.001
0	0	0.764	0.133	0.103
0	0	0.74	0.206	0.054
0	0	0.976	0.009	0.016
0	0	0.559	0.37	0.07
0	0	0.972	0.018	0.01
0	0	0.959	0.024	0.017
0	0	0.57	0.38	0.051
0	0	0.34	0.326	0.334
0	0	0.94	0.046	0.015
0	0	0.803	0.172	0.025
0	2	0.075	0.015	0.91
0	0	0.698	0.129	0.173
0	0	0.812	0.142	0.045
0	0	0.866	0.063	0.071
1	1	0.317	0.635	0.048
0	0	0.869	0.101	0.029
0	0	0.982	0.013	0.005
