0	1	0.017	0.941	0.043
2	2	0.054	0.359	0.587
1	2	0.02	0.016	0.964
0	1	0.333	0.632	0.035
0	0	0.552	0.275	0.173
0	2	0.089	0.362	0.549
0	0	0.734	0.213	0.053
0	0	0.901	0.081	0.017
0	0	0.856	0.095	0.049
0	2	0.152	0.312	0.536
1	0	0.493	0.231	0.276
1	1	0.111	0.608	0.281
0	0	0.494	0.35	0.156
0	0	0.663	0.228	0.108
0	1	0.169	0.539	0.292
1	1	0.152	0.728	0.12
0	0	0.63	0.299	0.071
1	2	0.001	0.004	0.995
2	1	0.143	0.511	0.346
2	2	0.099	0.31	0.591
2	0	0.743	0.188	0.07
0	0	0.783	0.186	0.031
1	1	0.086	0.691	0.223
1	0	0.816	0.154	0.03
0	0	0.689	0.255	0.056
0	0	0.596	0.341	0.063
0	1	0.103	0.592	0.306
0	0	0.643	0.237	0.12
0	1	0.158	0.743	0.099
0	0	0.661	0.112	0.227
0	0	0.659	0.28	0.06
0	0	0.82	0.111	0.069
0	1	0.402	0.452	0.146
0	1	0.063	0.828	0.109
2	2	0.053	0.069	0.877
1	2	0.022	0.393	0.585
0	2	0.278	0.36	0.363
0	1	0.465	0.503	0.032
0	0	0.518	0.327	0.155
1	1	0.176	0.774	0.05
2	1	0.046	0.796	0.158
0	0	0.647	0.311	0.042
0	1	0.394	0.482	0.125
1	1	0.142	0.527	0.33
0	1	0.278	0.64	0.082
1	1	0.059	0.867	0.074
0	0	0.905	0.071	0.024
1	0	0.834	0.135	0.031
0	2	0.003	0.016	0.981
0	0	0.476	0.467	0.057
0	0	0.668	0.173	0.159
0	0	0.541	0.385	0.073
0	0	0.477	0.468	0.055
0	1	0.074	0.812	0.114
0	0	0.961	0.027	0.012
0	0	0.988	0.01	0.002
0	1	0.344	0.61	0.046
0	0	0.938	0.052	0.01
0	2	0.15	0.155	0.696
0	1	0.46	0.518	0.022
1	1	0.022	0.583	0.394
2	2	0.009	0.105	0.886
0	0	0.933	0.056	0.011
0	0	0.688	0.286	0.026
0	1	0.108	0.839	0.053
0	0	0.878	0.079	0.043
0	1	0.328	0.588	0.084
0	0	0.686	0.259	0.055
0	1	0.316	0.456	0.228
0	1	0.099	0.612	0.29
0	0	0.564	0.376	0.06
0	1	0.307	0.634	0.058
0	2	0.022	0.261	0.717
0	0	0.624	0.285	0.091
2	2	0.013	0.125	0.862
0	0	0.971	0.018	0.011
0	0	0.628	0.309	0.063
0	0	0.896	0.041	0.063
0	0	0.775	0.185	0.04
0	0	0.904	0.076	0.02
0	1	0.047	0.888	0.064
0	0	0.954	0.027	0.019
1	0	0.472	0.41	0.118
1	0	0.651	0.284	0.065
0	0	0.708	0.244	0.048
0	1	0.211	0.78	0.009
0	0	0.779	0.19	0.031
0	1	0.048	0.875	0.077
0	0	0.72	0.262	0.019
0	0	0.96	0.035	0.005
0	0	0.697	0.262	0.041
1	1	0.356	0.422	0.222
2	1	0.137	0.827	0.036
1	0	0.458	0.315	0.227
0	1	0.078	0.886	0.036
0	0	0.498	0.369	0.133
0	0	0.546	0.323	0.131
2	2	0.289	0.162	0.548
0	1	0.285	0.668	0.047
0	1	0.439	0.516	0.045
0	0	0.717	0.269	0.014
0	0	0.75	0.232	0.018
0	0	0.883	0.093	0.024
0	0	0.882	0.089	0.028
0	0	0.465	0.234	0.301
1	0	0.385	0.383	0.232
0	0	0.93	0.051	0.019
1	1	0.09	0.878	0.032
0	0	0.587	0.33	0.083
1	1	0.328	0.464	0.208
0	0	0.528	0.458	0.014
0	1	0.057	0.909	0.035
0	0	0.931	0.053	0.016
0	0	0.569	0.153	0.278
0	1	0.123	0.8	0.078
0	1	0.258	0.61	0.132
0	0	0.419	0.404	0.176
0	0	0.799	0.147	0.054
0	0	0.634	0.252	0.115
0	0	0.86	0.119	0.021
0	1	0.191	0.67	0.139
0	0	0.639	0.269	0.093
0	0	0.585	0.351	0.064
1	1	0.364	0.375	0.261
2	1	0.057	0.808	0.135
0	0	0.873	0.104	0.023
0	1	0.249	0.489	0.261
0	0	0.925	0.062	0.013
0	1	0.43	0.533	0.037
0	1	0.168	0.803	0.029
1	1	0.004	0.535	0.461
0	0	0.832	0.154	0.013
0	1	0.139	0.679	0.183
0	1	0.211	0.725	0.063
0	1	0.14	0.718	0.142
0	1	0.213	0.729	0.059
0	0	0.814	0.148	0.038
0	1	0.055	0.827	0.118
1	1	0.17	0.733	0.098
0	1	0.119	0.856	0.026
0	0	0.562	0.4	0.038
0	0	0.629	0.272	0.099
0	0	0.389	0.33	0.281
0	1	0.463	0.488	0.049
0	0	0.537	0.386	0.077
0	1	0.333	0.65	0.017
0	1	0.133	0.823	0.044
0	0	0.938	0.044	0.017
0	1	0.25	0.558	0.192
0	1	0.109	0.799	0.092
0	0	0.596	0.349	0.055
0	0	0.848	0.087	0.064
0	1	0.167	0.71	0.124
0	1	0.243	0.692	0.064
0	1	0.392	0.519	0.089
1	0	0.532	0.405	0.063
0	1	0.272	0.694	0.034
0	2	0.123	0.333	0.544
1	1	0.076	0.532	0.392
1	1	0.185	0.698	0.117
0	0	0.802	0.182	0.016
0	0	0.884	0.101	0.014
0	0	0.721	0.248	0.031
0	0	0.6	0.302	0.098
0	1	0.216	0.776	0.008
1	1	0.277	0.68	0.043
0	0	0.915	0.064	0.021
0	1	0.486	0.486	0.028
0	1	0.216	0.648	0.135
0	0	0.553	0.24	0.207
0	1	0.322	0.563	0.115
0	0	0.602	0.334	0.064
0	0	0.966	0.031	0.003
0	1	0.395	0.578	0.027
0	0	0.538	0.4	0.063
0	0	0.74	0.193	0.067
0	0	0.828	0.143	0.03
1	0	0.488	0.46	0.052
0	0	0.958	0.038	0.004
0	0	0.793	0.199	0.008
0	0	0.795	0.15	0.055
0	1	0.042	0.881	0.077
0	0	0.929	0.068	0.002
0	0	0.698	0.279	0.023
0	0	0.954	0.041	0.004
0	0	0.762	0.16	0.078
0	0	0.686	0.293	0.022
2	1	0.457	0.495	0.048
0	2	0.161	0.351	0.488
0	1	0.303	0.624	0.073
0	1	0.013	0.926	0.061
0	0	0.731	0.255	0.014
0	0	0.733	0.164	0.102
1	1	0.18	0.557	0.263
0	0	0.862	0.109	0.029
0	1	0.383	0.521	0.096
0	0	0.487	0.463	0.05
0	0	0.659	0.308	0.032
0	1	0.165	0.812	0.023
0	0	0.709	0.26	0.031
0	0	0.501	0.409	0.09
0	0	0.886	0.107	0.007
0	0	0.705	0.274	0.021
0	0	0.976	0.021	0.003
1	1	0.066	0.914	0.02
0	1	0.232	0.647	0.121
1	1	0.207	0.74	0.053
0	1	0.22	0.722	0.059
0	2	0.005	0.008	0.986
0	1	0.035	0.908	0.057
1	1	0.264	0.672	0.064
0	0	0.871	0.1	0.029
0	0	0.944	0.043	0.013
0	0	0.896	0.09	0.014
2	0	0.748	0.231	0.02
2	2	0.023	0.274	0.703
0	0	0.629	0.343	0.027
2	1	0.316	0.671	0.013
0	1	0.26	0.664	0.077
1	1	0.344	0.586	0.07
1	0	0.775	0.177	0.048
