0	1	0.039	0.902	0.059
2	2	0.135	0.249	0.615
1	2	0.127	0.055	0.818
0	0	0.639	0.318	0.043
0	2	0.201	0.319	0.48
0	2	0.155	0.225	0.62
0	0	0.895	0.081	0.024
0	0	0.944	0.044	0.012
0	0	0.937	0.044	0.019
0	0	0.509	0.335	0.156
1	1	0.12	0.706	0.174
1	1	0.28	0.54	0.18
0	0	0.407	0.247	0.346
0	0	0.857	0.092	0.05
0	2	0.097	0.26	0.643
1	1	0.088	0.658	0.254
0	0	0.719	0.242	0.04
1	2	0.003	0.002	0.995
2	1	0.064	0.723	0.212
2	2	0.023	0.398	0.579
2	0	0.577	0.357	0.067
0	0	0.811	0.162	0.027
1	1	0.04	0.747	0.213
1	0	0.779	0.197	0.025
0	0	0.901	0.064	0.034
0	0	0.709	0.256	0.036
0	1	0.08	0.613	0.308
0	1	0.19	0.721	0.089
0	1	0.13	0.781	0.089
0	0	0.681	0.12	0.199
0	0	0.611	0.321	0.068
0	0	0.594	0.308	0.098
0	1	0.05	0.512	0.438
0	1	0.209	0.734	0.057
2	2	0.014	0.053	0.932
1	2	0.059	0.258	0.683
0	0	0.832	0.129	0.038
0	1	0.164	0.784	0.052
0	0	0.637	0.254	0.109
1	1	0.093	0.858	0.05
2	1	0.083	0.599	0.317
0	0	0.761	0.197	0.043
0	1	0.198	0.689	0.113
1	1	0.395	0.4	0.205
0	1	0.17	0.757	0.073
1	1	0.104	0.731	0.165
0	0	0.759	0.171	0.07
1	0	0.485	0.439	0.076
0	2	0.012	0.024	0.964
0	0	0.504	0.44	0.056
0	0	0.489	0.297	0.215
0	1	0.401	0.514	0.084
0	0	0.775	0.181	0.044
0	1	0.005	0.803	0.193
0	0	0.953	0.021	0.026
0	0	0.874	0.106	0.02
0	0	0.877	0.106	0.017
0	0	0.972	0.021	0.007
0	0	0.99	0.006	0.004
0	1	0.148	0.768	0.085
1	1	0.096	0.527	0.377
2	2	0.111	0.122	0.766
0	0	0.617	0.346	0.037
0	0	0.784	0.194	0.022
0	1	0.224	0.711	0.065
0	0	0.889	0.079	0.032
0	1	0.426	0.528	0.046
0	0	0.859	0.112	0.029
0	1	0.196	0.542	0.262
0	0	0.512	0.348	0.14
0	0	0.441	0.395	0.165
0	1	0.336	0.593	0.071
0	0	0.535	0.314	0.151
0	0	0.753	0.221	0.027
2	2	0.138	0.269	0.593
0	0	0.606	0.346	0.048
0	1	0.083	0.904	0.013
0	0	0.826	0.112	0.063
0	1	0.227	0.729	0.044
0	0	0.741	0.22	0.039
0	1	0.096	0.873	0.031
0	0	0.965	0.023	0.013
1	0	0.57	0.176	0.254
1	0	0.774	0.175	0.051
0	0	0.529	0.462	0.009
0	0	0.693	0.202	0.104
0	1	0.214	0.723	0.063
0	1	0.078	0.821	0.101
0	0	0.855	0.13	0.016
0	0	0.954	0.036	0.01
0	0	0.92	0.062	0.018
1	0	0.752	0.129	0.119
2	1	0.174	0.787	0.039
1	1	0.372	0.444	0.183
0	1	0.028	0.917	0.055
0	1	0.349	0.431	0.22
0	1	0.329	0.343	0.327
2	2	0.427	0.069	0.504
0	1	0.345	0.587	0.068
0	0	0.773	0.198	0.029
0	1	0.257	0.702	0.041
0	0	0.477	0.457	0.066
0	0	0.85	0.114	0.036
0	0	0.92	0.068	0.011
0	2	0.169	0.357	0.474
1	1	0.14	0.538	0.322
0	0	0.947	0.04	0.014
1	1	0.183	0.741	0.076
0	0	0.654	0.246	0.101
1	1	0.073	0.734	0.194
0	0	0.874	0.114	0.012
0	1	0.054	0.91	0.036
0	0	0.911	0.073	0.015
0	2	0.298	0.116	0.585
0	1	0.176	0.708	0.116
0	0	0.459	0.431	0.11
0	1	0.402	0.408	0.19
0	0	0.842	0.133	0.025
0	0	0.665	0.096	0.238
0	0	0.91	0.055	0.035
0	0	0.49	0.317	0.193
0	0	0.405	0.381	0.214
0	1	0.327	0.567	0.106
1	0	0.724	0.182	0.094
2	1	0.018	0.786	0.196
0	0	0.867	0.093	0.041
0	1	0.13	0.515	0.355
0	0	0.951	0.04	0.008
0	0	0.64	0.332	0.027
0	1	0.141	0.844	0.014
1	1	0.381	0.398	0.221
0	0	0.906	0.075	0.02
0	1	0.309	0.65	0.041
0	1	0.198	0.769	0.033
0	1	0.151	0.754	0.095
0	1	0.132	0.844	0.025
0	2	0.224	0.064	0.712
0	1	0.27	0.588	0.142
1	1	0.077	0.707	0.216
0	1	0.014	0.968	0.018
0	1	0.087	0.875	0.039
0	0	0.902	0.081	0.018
0	0	0.43	0.217	0.353
0	1	0.451	0.467	0.082
0	1	0.423	0.525	0.052
0	0	0.559	0.41	0.032
0	1	0.312	0.61	0.077
0	0	0.864	0.113	0.023
0	0	0.823	0.136	0.041
0	1	0.125	0.792	0.082
0	0	0.543	0.29	0.167
0	0	0.685	0.202	0.112
0	1	0.053	0.892	0.054
0	0	0.545	0.392	0.064
0	1	0.37	0.565	0.064
1	0	0.582	0.371	0.047
0	0	0.563	0.404	0.032
0	2	0.006	0.318	0.676
1	1	0.01	0.748	0.242
1	1	0.093	0.74	0.168
0	0	0.544	0.395	0.061
0	0	0.885	0.09	0.025
0	0	0.717	0.228	0.055
0	1	0.079	0.79	0.131
0	1	0.109	0.888	0.003
1	1	0.13	0.808	0.061
0	0	0.949	0.045	0.005
0	1	0.22	0.758	0.022
0	1	0.193	0.752	0.055
0	2	0.346	0.1	0.554
0	1	0.28	0.538	0.182
0	0	0.822	0.158	0.02
0	0	0.889	0.104	0.008
0	1	0.321	0.656	0.022
0	0	0.902	0.072	0.026
0	0	0.673	0.259	0.067
0	0	0.871	0.089	0.04
1	1	0.326	0.655	0.019
0	0	0.983	0.015	0.002
0	0	0.878	0.109	0.013
0	0	0.964	0.032	0.004
0	1	0.025	0.856	0.119
0	1	0.44	0.506	0.053
0	0	0.723	0.229	0.048
0	0	0.896	0.087	0.017
0	0	0.976	0.022	0.002
0	1	0.235	0.72	0.045
2	1	0.338	0.601	0.061
0	2	0.086	0.332	0.581
0	0	0.528	0.392	0.08
0	0	0.531	0.411	0.057
0	1	0.288	0.703	0.01
0	0	0.538	0.416	0.046
1	1	0.23	0.561	0.208
0	0	0.773	0.202	0.026
0	0	0.522	0.377	0.101
0	1	0.066	0.894	0.039
0	1	0.024	0.959	0.016
0	1	0.024	0.959	0.016
0	1	0.236	0.701	0.063
0	1	0.449	0.479	0.072
0	0	0.827	0.137	0.036
0	0	0.842	0.149	0.01
0	0	0.929	0.056	0.015
1	1	0.207	0.756	0.036
0	1	0.227	0.654	0.119
1	1	0.033	0.877	0.09
0	0	0.648	0.303	0.049
0	2	0.007	0.047	0.947
0	1	0.194	0.739	0.067
1	1	0.355	0.55	0.095
0	0	0.839	0.111	0.051
0	0	0.711	0.249	0.039
0	0	0.706	0.198	0.096
2	2	0.213	0.246	0.541
2	2	0.051	0.289	0.66
0	1	0.48	0.483	0.037
2	1	0.392	0.592	0.016
0	0	0.5	0.359	0.141
1	1	0.139	0.762	0.1
1	0	0.768	0.198	0.034
