0	0	0.891	0.076	0.032
2	0	0.854	0.116	0.03
0	0	0.791	0.179	0.031
0	0	0.809	0.154	0.036
0	0	0.68	0.283	0.037
0	1	0.252	0.701	0.047
0	2	0.078	0.172	0.751
0	0	0.677	0.172	0.152
0	0	0.57	0.29	0.14
1	1	0.226	0.683	0.091
0	2	0.11	0.306	0.584
0	0	0.783	0.118	0.098
0	0	0.879	0.078	0.043
0	0	0.535	0.318	0.147
0	1	0.299	0.464	0.236
0	0	0.935	0.039	0.026
0	0	0.931	0.042	0.027
0	0	0.827	0.148	0.025
2	0	0.526	0.365	0.109
0	0	0.936	0.052	0.012
1	2	0.042	0.46	0.497
0	0	0.906	0.076	0.018
0	1	0.2	0.447	0.353
0	1	0.233	0.699	0.068
0	0	0.857	0.125	0.018
0	1	0.416	0.43	0.155
0	0	0.515	0.429	0.057
0	0	0.891	0.06	0.049
0	0	0.842	0.121	0.038
0	0	0.942	0.048	0.011
0	0	0.863	0.101	0.037
0	1	0.206	0.735	0.06
0	1	0.23	0.726	0.044
0	0	0.927	0.064	0.009
0	0	0.592	0.329	0.08
0	0	0.528	0.444	0.027
0	1	0.169	0.512	0.319
0	0	0.784	0.154	0.063
0	0	0.935	0.052	0.013
0	0	0.962	0.031	0.007
0	0	0.743	0.207	0.05
2	0	0.664	0.309	0.027
2	2	0.091	0.375	0.534
0	1	0.365	0.55	0.085
0	0	0.891	0.087	0.022
0	0	0.875	0.097	0.028
0	0	0.96	0.018	0.022
0	0	0.944	0.035	0.022
0	0	0.922	0.052	0.026
0	0	0.928	0.041	0.031
0	0	0.923	0.043	0.034
0	0	0.933	0.036	0.032
1	0	0.832	0.1	0.068
2	0	0.697	0.246	0.056
1	0	0.694	0.216	0.09
2	0	0.892	0.082	0.026
1	0	0.753	0.211	0.037
0	0	0.914	0.067	0.019
2	0	0.85	0.124	0.026
0	1	0.358	0.552	0.09
1	0	0.459	0.124	0.417
1	0	0.78	0.188	0.031
2	0	0.756	0.131	0.113
0	0	0.924	0.031	0.045
2	0	0.579	0.322	0.099
0	0	0.648	0.315	0.037
0	0	0.894	0.083	0.023
0	1	0.421	0.518	0.061
0	0	0.976	0.018	0.005
0	0	0.901	0.051	0.048
0	0	0.963	0.03	0.007
1	0	0.694	0.241	0.065
0	1	0.103	0.826	0.071
0	0	0.91	0.074	0.016
0	0	0.74	0.183	0.077
0	0	0.971	0.024	0.006
0	0	0.7	0.271	0.029
0	1	0.281	0.621	0.098
0	0	0.915	0.059	0.025
1	1	0.386	0.487	0.126
0	0	0.872	0.098	0.03
0	0	0.92	0.06	0.019
0	0	0.527	0.298	0.175
0	1	0.3	0.635	0.065
0	0	0.538	0.078	0.384
0	0	0.464	0.1	0.436
0	0	0.67	0.284	0.046
0	2	0.273	0.295	0.432
1	0	0.428	0.361	0.211
0	0	0.897	0.085	0.018
0	0	0.943	0.048	0.008
0	1	0.025	0.852	0.123
0	0	0.618	0.346	0.037
0	1	0.456	0.471	0.073
1	1	0.268	0.683	0.048
0	0	0.874	0.09	0.035
0	1	0.244	0.708	0.048
0	0	0.834	0.149	0.017
0	0	0.909	0.07	0.022
0	0	0.881	0.099	0.019
0	0	0.71	0.26	0.03
0	0	0.887	0.1	0.013
2	2	0.047	0.254	0.699
1	0	0.737	0.244	0.02
0	0	0.879	0.095	0.026
0	0	0.818	0.143	0.04
1	0	0.701	0.236	0.064
0	0	0.843	0.1	0.056
0	0	0.596	0.331	0.073
0	0	0.814	0.149	0.038
0	0	0.757	0.19	0.054
0	0	0.584	0.379	0.037
0	0	0.822	0.121	0.057
0	0	0.559	0.215	0.227
0	1	0.402	0.528	0.07
0	0	0.819	0.152	0.029
0	1	0.283	0.62	0.097
0	1	0.408	0.525	0.067
0	0	0.728	0.23	0.042
0	1	0.233	0.717	0.05
0	0	0.869	0.094	0.037
0	0	0.931	0.042	0.027
0	0	0.885	0.104	0.011
0	0	0.981	0.016	0.003
1	0	0.902	0.089	0.008
0	0	0.918	0.072	0.01
0	0	0.844	0.142	0.014
0	0	0.504	0.206	0.29
1	0	0.556	0.372	0.072
2	2	0.008	0.01	0.982
2	0	0.798	0.109	0.093
0	0	0.942	0.034	0.024
0	0	0.858	0.113	0.029
0	0	0.973	0.021	0.006
0	0	0.658	0.33	0.012
0	0	0.794	0.197	0.009
0	0	0.918	0.075	0.007
0	0	0.981	0.017	0.002
0	0	0.547	0.385	0.068
0	0	0.817	0.137	0.047
0	0	0.926	0.06	0.015
0	1	0.199	0.708	0.093
0	0	0.973	0.01	0.016
0	0	0.801	0.113	0.086
0	0	0.943	0.047	0.01
0	0	0.952	0.035	0.013
1	1	0.081	0.719	0.2
0	0	0.791	0.167	0.041
0	0	0.977	0.018	0.005
