0	1	0.069	0.853	0.079
2	2	0.061	0.267	0.672
1	2	0.024	0.054	0.922
0	0	0.604	0.353	0.043
0	2	0.134	0.329	0.537
0	2	0.147	0.189	0.664
0	0	0.943	0.044	0.013
0	0	0.966	0.026	0.007
0	0	0.91	0.062	0.029
0	0	0.51	0.343	0.147
1	1	0.132	0.742	0.125
1	1	0.137	0.643	0.22
0	0	0.391	0.234	0.375
0	0	0.781	0.139	0.08
0	2	0.173	0.269	0.559
1	1	0.24	0.574	0.187
0	0	0.612	0.329	0.059
1	2	0.006	0.002	0.992
2	1	0.076	0.735	0.189
2	2	0.036	0.428	0.536
2	1	0.429	0.484	0.087
0	0	0.759	0.205	0.036
1	1	0.038	0.76	0.202
1	0	0.604	0.344	0.052
0	0	0.954	0.03	0.016
0	0	0.752	0.22	0.029
0	1	0.096	0.599	0.305
0	1	0.265	0.661	0.074
0	1	0.146	0.733	0.121
0	0	0.393	0.275	0.331
0	0	0.923	0.063	0.013
0	0	0.699	0.211	0.091
0	1	0.036	0.503	0.461
0	1	0.348	0.577	0.074
2	2	0.054	0.048	0.898
1	2	0.044	0.263	0.693
0	0	0.873	0.096	0.032
0	1	0.414	0.549	0.037
0	1	0.309	0.472	0.22
1	1	0.178	0.749	0.073
2	1	0.04	0.607	0.353
0	0	0.886	0.093	0.021
0	1	0.087	0.76	0.152
1	1	0.12	0.555	0.325
0	0	0.697	0.274	0.029
1	1	0.05	0.744	0.206
0	0	0.726	0.197	0.077
1	0	0.831	0.145	0.024
0	2	0.008	0.017	0.975
0	0	0.562	0.403	0.035
0	0	0.957	0.026	0.017
0	1	0.43	0.493	0.077
0	0	0.66	0.276	0.064
0	1	0.026	0.797	0.177
0	0	0.777	0.088	0.135
0	0	0.736	0.228	0.036
0	0	0.948	0.044	0.008
0	0	0.982	0.014	0.004
0	0	0.989	0.006	0.004
0	1	0.086	0.825	0.09
1	1	0.039	0.578	0.384
2	2	0.082	0.122	0.796
0	0	0.721	0.25	0.029
0	0	0.651	0.306	0.043
0	1	0.221	0.718	0.06
0	0	0.898	0.071	0.031
0	1	0.337	0.604	0.059
0	0	0.825	0.136	0.039
0	1	0.115	0.55	0.335
0	1	0.355	0.509	0.136
0	0	0.51	0.353	0.136
0	1	0.331	0.577	0.092
0	0	0.654	0.249	0.097
0	0	0.616	0.357	0.027
2	2	0.201	0.248	0.552
0	0	0.632	0.325	0.043
0	1	0.028	0.96	0.013
0	0	0.94	0.042	0.018
0	1	0.231	0.717	0.052
0	0	0.678	0.277	0.045
0	1	0.117	0.849	0.034
0	0	0.928	0.047	0.026
1	1	0.288	0.4	0.312
1	0	0.721	0.215	0.064
0	0	0.81	0.181	0.009
0	0	0.447	0.414	0.14
0	1	0.15	0.802	0.048
0	1	0.265	0.688	0.047
0	0	0.627	0.331	0.042
0	0	0.914	0.068	0.018
0	0	0.872	0.098	0.029
1	0	0.828	0.084	0.088
2	1	0.163	0.794	0.044
1	0	0.578	0.303	0.119
0	1	0.071	0.875	0.053
0	0	0.628	0.258	0.114
0	2	0.026	0.453	0.522
2	2	0.004	0.108	0.888
0	1	0.378	0.578	0.044
0	0	0.762	0.207	0.031
0	1	0.226	0.732	0.042
0	1	0.341	0.589	0.069
0	0	0.866	0.103	0.031
0	0	0.881	0.103	0.017
0	2	0.159	0.387	0.454
1	1	0.189	0.573	0.238
0	0	0.976	0.018	0.005
1	1	0.118	0.809	0.074
0	0	0.84	0.104	0.056
1	1	0.054	0.698	0.249
0	0	0.862	0.125	0.013
0	1	0.023	0.925	0.052
0	0	0.948	0.043	0.009
0	2	0.375	0.134	0.491
0	1	0.229	0.674	0.097
0	0	0.481	0.416	0.103
0	0	0.44	0.393	0.167
0	0	0.8	0.166	0.034
0	2	0.267	0.209	0.524
0	0	0.9	0.06	0.041
0	1	0.259	0.481	0.26
0	0	0.54	0.319	0.141
0	0	0.67	0.268	0.062
1	0	0.835	0.122	0.043
2	1	0.017	0.79	0.193
0	0	0.9	0.069	0.031
0	1	0.066	0.533	0.402
0	0	0.985	0.013	0.003
0	0	0.712	0.266	0.022
0	1	0.067	0.896	0.037
1	1	0.088	0.461	0.45
0	0	0.992	0.007	0.002
0	0	0.527	0.436	0.037
0	1	0.135	0.839	0.026
0	1	0.123	0.803	0.074
0	1	0.084	0.9	0.016
0	2	0.276	0.047	0.678
0	1	0.406	0.506	0.088
1	1	0.235	0.629	0.136
0	1	0.041	0.953	0.006
0	1	0.108	0.858	0.034
0	0	0.862	0.113	0.025
0	0	0.671	0.151	0.179
0	1	0.277	0.588	0.135
0	1	0.467	0.488	0.045
0	0	0.523	0.443	0.034
0	1	0.341	0.604	0.055
0	0	0.821	0.152	0.027
0	0	0.78	0.178	0.042
0	1	0.084	0.826	0.09
0	0	0.493	0.383	0.124
0	0	0.462	0.38	0.159
0	1	0.158	0.753	0.089
0	0	0.755	0.21	0.036
0	1	0.356	0.585	0.059
1	0	0.579	0.375	0.046
0	1	0.153	0.804	0.043
0	2	0.263	0.201	0.535
1	1	0.044	0.778	0.179
1	1	0.093	0.813	0.095
0	0	0.545	0.397	0.058
0	0	0.807	0.148	0.044
0	0	0.664	0.272	0.063
0	1	0.213	0.703	0.084
0	1	0.089	0.902	0.009
1	1	0.193	0.751	0.055
0	0	0.892	0.097	0.011
0	1	0.25	0.724	0.026
0	1	0.116	0.783	0.101
0	0	0.779	0.047	0.174
0	1	0.189	0.587	0.224
0	0	0.689	0.278	0.033
0	0	0.9	0.094	0.007
0	1	0.421	0.563	0.016
0	0	0.951	0.035	0.014
0	0	0.864	0.103	0.033
0	0	0.955	0.03	0.015
1	1	0.112	0.869	0.019
0	0	0.992	0.007	0.001
0	0	0.807	0.166	0.027
0	0	0.955	0.04	0.005
0	1	0.025	0.859	0.117
0	0	0.634	0.339	0.027
0	0	0.692	0.251	0.057
0	0	0.964	0.03	0.006
0	0	0.967	0.03	0.003
0	1	0.192	0.75	0.058
2	1	0.375	0.585	0.039
0	2	0.05	0.302	0.648
0	1	0.347	0.546	0.106
0	1	0.206	0.691	0.103
0	0	0.531	0.461	0.009
0	1	0.327	0.625	0.048
1	1	0.208	0.579	0.214
0	0	0.711	0.259	0.03
0	0	0.599	0.316	0.085
0	1	0.234	0.743	0.023
0	1	0.088	0.905	0.007
0	1	0.087	0.906	0.007
0	0	0.833	0.152	0.015
0	0	0.635	0.31	0.054
0	0	0.863	0.109	0.028
0	0	0.814	0.176	0.011
0	0	0.945	0.044	0.011
1	1	0.351	0.596	0.053
0	1	0.239	0.672	0.089
1	1	0.109	0.803	0.088
0	0	0.544	0.411	0.045
0	2	0.005	0.016	0.979
0	1	0.297	0.646	0.057
1	0	0.494	0.428	0.078
0	0	0.937	0.046	0.018
0	0	0.742	0.225	0.033
0	0	0.875	0.087	0.037
2	2	0.203	0.212	0.585
2	2	0.054	0.259	0.687
0	1	0.36	0.608	0.033
2	1	0.362	0.625	0.013
0	0	0.574	0.319	0.107
1	1	0.177	0.729	0.094
1	0	0.658	0.291	0.051
