0	0	0.819	0.156	0.025
2	1	0.287	0.375	0.339
0	0	0.971	0.024	0.005
0	0	0.842	0.126	0.032
0	0	0.8	0.166	0.034
0	1	0.287	0.605	0.108
0	2	0.168	0.107	0.725
0	1	0.178	0.64	0.183
0	2	0.333	0.131	0.536
1	1	0.265	0.487	0.247
0	2	0.217	0.189	0.594
0	0	0.792	0.148	0.061
0	0	0.865	0.095	0.041
0	2	0.298	0.346	0.356
0	2	0.189	0.323	0.488
0	0	0.95	0.037	0.013
0	0	0.935	0.049	0.016
0	0	0.919	0.057	0.024
2	0	0.697	0.19	0.113
0	0	0.956	0.028	0.016
1	1	0.024	0.511	0.466
0	0	0.881	0.109	0.01
0	1	0.057	0.49	0.453
0	0	0.789	0.17	0.041
0	0	0.967	0.027	0.006
0	0	0.797	0.159	0.044
0	0	0.698	0.214	0.088
0	0	0.931	0.052	0.017
0	0	0.91	0.074	0.016
0	0	0.797	0.168	0.035
0	0	0.614	0.301	0.085
0	0	0.59	0.346	0.064
0	0	0.78	0.184	0.037
0	0	0.77	0.183	0.046
0	0	0.787	0.165	0.048
0	1	0.14	0.79	0.07
0	1	0.316	0.477	0.207
0	0	0.628	0.285	0.087
0	0	0.86	0.107	0.033
0	0	0.959	0.03	0.011
0	0	0.857	0.122	0.022
2	0	0.486	0.446	0.067
2	0	0.534	0.276	0.191
0	0	0.789	0.181	0.03
0	0	0.908	0.078	0.014
0	0	0.931	0.057	0.011
0	0	0.65	0.255	0.095
0	0	0.852	0.126	0.022
0	1	0.446	0.458	0.096
0	0	0.891	0.046	0.062
0	0	0.888	0.044	0.068
0	0	0.878	0.062	0.06
1	0	0.849	0.108	0.043
2	0	0.598	0.314	0.088
1	0	0.812	0.128	0.06
2	0	0.873	0.068	0.059
1	0	0.662	0.275	0.063
0	0	0.802	0.099	0.099
2	0	0.9	0.07	0.031
0	0	0.576	0.368	0.056
1	0	0.594	0.136	0.27
1	0	0.723	0.228	0.049
2	0	0.747	0.192	0.061
0	0	0.846	0.122	0.032
2	0	0.705	0.242	0.052
0	0	0.754	0.191	0.055
0	1	0.359	0.582	0.059
0	1	0.188	0.763	0.049
0	0	0.949	0.046	0.005
0	0	0.849	0.128	0.022
0	0	0.639	0.327	0.034
1	0	0.785	0.175	0.04
0	1	0.173	0.771	0.056
0	0	0.899	0.087	0.014
0	0	0.759	0.175	0.066
0	0	0.989	0.009	0.002
0	0	0.685	0.281	0.034
0	1	0.276	0.64	0.084
0	0	0.873	0.101	0.026
1	1	0.376	0.532	0.091
0	0	0.96	0.033	0.006
0	0	0.926	0.063	0.011
0	0	0.536	0.053	0.411
0	0	0.51	0.409	0.081
0	2	0.479	0.024	0.497
0	0	0.904	0.051	0.045
0	1	0.302	0.625	0.073
0	0	0.922	0.069	0.009
1	0	0.739	0.217	0.044
0	0	0.744	0.14	0.116
0	0	0.859	0.106	0.035
0	1	0.334	0.608	0.057
0	0	0.906	0.058	0.036
0	0	0.685	0.251	0.064
1	1	0.43	0.491	0.078
0	0	0.731	0.146	0.123
0	1	0.343	0.578	0.079
0	1	0.452	0.46	0.088
0	0	0.916	0.057	0.027
0	0	0.867	0.102	0.031
0	0	0.802	0.161	0.037
0	0	0.713	0.203	0.083
2	2	0.092	0.221	0.687
1	1	0.441	0.473	0.086
0	0	0.853	0.117	0.03
0	0	0.895	0.069	0.035
1	0	0.947	0.039	0.014
0	0	0.965	0.025	0.011
0	0	0.718	0.245	0.037
0	0	0.954	0.04	0.005
0	0	0.555	0.075	0.369
0	0	0.504	0.39	0.106
0	0	0.799	0.1	0.101
0	0	0.836	0.062	0.102
0	1	0.272	0.532	0.196
0	0	0.776	0.211	0.013
0	1	0.101	0.725	0.174
0	1	0.453	0.475	0.072
0	0	0.964	0.029	0.007
0	1	0.083	0.766	0.151
0	0	0.74	0.196	0.064
0	0	0.796	0.123	0.081
0	0	0.478	0.423	0.099
0	0	0.661	0.226	0.113
1	1	0.414	0.492	0.094
0	0	0.815	0.126	0.059
0	0	0.551	0.364	0.085
0	0	0.972	0.023	0.004
1	1	0.084	0.847	0.069
2	2	0.045	0.04	0.915
2	0	0.449	0.435	0.116
0	0	0.913	0.069	0.018
0	0	0.561	0.323	0.115
0	0	0.785	0.164	0.051
0	0	0.738	0.216	0.046
0	0	0.774	0.193	0.032
0	0	0.887	0.099	0.014
0	0	0.937	0.049	0.014
0	0	0.603	0.342	0.055
0	0	0.748	0.146	0.106
0	0	0.984	0.014	0.002
0	0	0.679	0.271	0.05
0	2	0.169	0.05	0.781
0	0	0.709	0.142	0.149
0	0	0.665	0.274	0.061
0	0	0.766	0.145	0.089
1	1	0.222	0.744	0.034
0	1	0.373	0.56	0.067
0	0	0.935	0.055	0.01
