0	0	0.556	0.283	0.161
2	1	0.138	0.822	0.04
0	0	0.781	0.19	0.029
0	0	0.847	0.131	0.022
0	0	0.719	0.245	0.036
0	1	0.146	0.774	0.08
0	2	0.185	0.187	0.628
0	0	0.534	0.256	0.21
0	0	0.574	0.267	0.159
1	1	0.179	0.701	0.121
0	2	0.201	0.313	0.485
0	0	0.759	0.126	0.115
0	0	0.779	0.082	0.139
0	0	0.561	0.181	0.257
0	2	0.324	0.281	0.395
0	0	0.886	0.044	0.07
0	0	0.83	0.078	0.091
0	0	0.823	0.146	0.031
2	1	0.241	0.559	0.2
0	0	0.949	0.04	0.011
1	1	0.065	0.528	0.406
0	0	0.841	0.126	0.033
0	1	0.06	0.571	0.369
0	1	0.179	0.728	0.093
0	0	0.534	0.429	0.038
0	1	0.161	0.671	0.168
0	1	0.273	0.642	0.084
0	0	0.949	0.019	0.032
0	0	0.863	0.105	0.031
0	0	0.976	0.02	0.004
0	0	0.605	0.295	0.1
0	1	0.082	0.819	0.1
0	1	0.172	0.704	0.123
0	0	0.961	0.034	0.005
0	1	0.364	0.486	0.149
0	1	0.194	0.797	0.009
0	0	0.719	0.223	0.059
0	0	0.796	0.09	0.114
0	0	0.802	0.158	0.04
0	0	0.872	0.087	0.041
0	1	0.169	0.641	0.19
2	0	0.534	0.423	0.043
2	1	0.252	0.459	0.289
0	0	0.616	0.312	0.073
0	0	0.757	0.198	0.045
0	0	0.838	0.125	0.036
0	0	0.844	0.06	0.096
0	0	0.884	0.072	0.044
0	0	0.994	0.004	0.002
0	0	0.995	0.003	0.002
0	0	0.98	0.012	0.008
0	0	0.996	0.002	0.002
1	0	0.991	0.004	0.005
2	0	0.857	0.106	0.037
1	0	0.752	0.158	0.089
2	0	0.908	0.054	0.038
1	0	0.707	0.204	0.09
0	0	0.967	0.022	0.01
2	0	0.918	0.064	0.018
0	0	0.557	0.399	0.044
1	0	0.479	0.111	0.41
1	0	0.841	0.133	0.027
2	1	0.467	0.477	0.057
0	0	0.935	0.031	0.034
2	0	0.766	0.118	0.116
0	0	0.866	0.125	0.008
0	0	0.773	0.175	0.053
0	0	0.49	0.444	0.066
0	0	0.99	0.006	0.004
0	0	0.973	0.013	0.015
0	0	0.918	0.064	0.019
1	1	0.375	0.499	0.126
0	1	0.122	0.793	0.085
0	0	0.901	0.07	0.03
0	0	0.663	0.207	0.13
0	0	0.877	0.111	0.012
0	0	0.698	0.279	0.023
0	1	0.307	0.498	0.195
0	0	0.91	0.053	0.037
1	1	0.285	0.443	0.272
0	0	0.881	0.086	0.034
0	0	0.973	0.017	0.01
0	0	0.817	0.083	0.099
0	1	0.14	0.797	0.063
0	2	0.241	0.062	0.697
0	2	0.405	0.104	0.491
0	1	0.316	0.385	0.299
0	1	0.302	0.459	0.24
1	0	0.841	0.099	0.061
0	0	0.921	0.063	0.016
0	0	0.865	0.116	0.018
0	1	0.157	0.751	0.092
0	0	0.863	0.117	0.02
0	1	0.457	0.478	0.066
1	1	0.459	0.501	0.04
0	0	0.898	0.064	0.038
0	1	0.225	0.757	0.019
0	0	0.902	0.079	0.019
0	0	0.898	0.061	0.04
0	0	0.92	0.055	0.025
0	0	0.843	0.13	0.027
0	0	0.735	0.241	0.024
2	2	0.18	0.17	0.65
1	1	0.37	0.617	0.013
0	0	0.832	0.074	0.094
0	0	0.878	0.09	0.032
1	0	0.846	0.115	0.04
0	0	0.928	0.046	0.027
0	1	0.246	0.598	0.156
0	0	0.836	0.139	0.025
0	0	0.946	0.043	0.011
0	0	0.805	0.182	0.014
0	0	0.618	0.183	0.199
0	0	0.364	0.334	0.302
0	0	0.664	0.288	0.048
0	0	0.802	0.156	0.042
0	1	0.171	0.716	0.113
0	1	0.304	0.654	0.042
0	0	0.773	0.202	0.026
0	1	0.175	0.782	0.043
0	0	0.822	0.136	0.043
0	0	0.915	0.047	0.037
0	0	0.783	0.181	0.036
0	0	0.932	0.057	0.011
1	0	0.737	0.237	0.026
0	0	0.787	0.187	0.026
0	0	0.674	0.288	0.038
0	0	0.643	0.148	0.209
1	0	0.458	0.456	0.086
2	2	0.003	0.008	0.989
2	0	0.491	0.274	0.235
0	0	0.89	0.067	0.044
0	0	0.814	0.135	0.051
0	0	0.877	0.106	0.017
0	0	0.988	0.012	0
0	0	0.618	0.365	0.017
0	0	0.979	0.02	0.001
0	0	0.981	0.018	0.001
0	1	0.269	0.601	0.129
0	0	0.711	0.211	0.078
0	0	0.978	0.019	0.003
0	0	0.819	0.122	0.059
0	0	0.948	0.006	0.047
0	0	0.734	0.126	0.14
0	0	0.954	0.041	0.004
0	0	0.954	0.038	0.007
1	1	0.385	0.529	0.086
0	0	0.484	0.433	0.083
0	0	0.994	0.004	0.002
