0	0	0.556	0.283	0.161
0	1	0.016	0.924	0.06
2	2	0.034	0.449	0.517
2	1	0.138	0.822	0.04
1	2	0.039	0.006	0.955
0	1	0.126	0.824	0.05
0	0	0.744	0.165	0.091
0	2	0.354	0.288	0.358
0	0	0.663	0.276	0.061
0	0	0.853	0.124	0.023
0	0	0.781	0.19	0.029
0	0	0.846	0.113	0.041
0	2	0.349	0.249	0.402
0	0	0.847	0.131	0.022
0	0	0.719	0.245	0.036
0	1	0.146	0.774	0.08
0	2	0.185	0.187	0.628
0	0	0.534	0.256	0.21
0	0	0.574	0.267	0.159
1	0	0.533	0.228	0.239
1	1	0.179	0.701	0.121
0	2	0.201	0.313	0.485
1	1	0.128	0.556	0.316
0	0	0.759	0.126	0.115
0	0	0.573	0.296	0.131
0	0	0.645	0.197	0.158
0	1	0.152	0.436	0.412
1	1	0.196	0.599	0.204
0	0	0.779	0.082	0.139
0	0	0.619	0.292	0.089
0	0	0.561	0.181	0.257
0	2	0.324	0.281	0.395
1	2	0.001	0.003	0.996
0	0	0.886	0.044	0.07
0	0	0.83	0.078	0.091
2	1	0.068	0.858	0.075
2	2	0.014	0.325	0.661
2	0	0.534	0.278	0.188
0	0	0.823	0.146	0.031
0	0	0.693	0.26	0.047
2	1	0.241	0.559	0.2
1	1	0.019	0.741	0.241
1	0	0.753	0.198	0.049
0	0	0.949	0.04	0.011
0	0	0.579	0.33	0.091
1	1	0.065	0.528	0.406
0	0	0.473	0.456	0.071
0	1	0.138	0.527	0.335
0	0	0.823	0.102	0.075
0	0	0.841	0.126	0.033
0	1	0.06	0.571	0.369
0	1	0.179	0.728	0.093
0	0	0.534	0.429	0.038
0	1	0.161	0.671	0.168
0	1	0.273	0.642	0.084
0	1	0.092	0.81	0.098
0	2	0.382	0.205	0.413
0	0	0.949	0.019	0.032
0	0	0.863	0.105	0.031
0	0	0.757	0.202	0.041
0	0	0.925	0.042	0.033
0	1	0.124	0.796	0.08
0	1	0.159	0.694	0.148
0	0	0.976	0.02	0.004
0	0	0.605	0.295	0.1
0	1	0.082	0.819	0.1
0	1	0.172	0.704	0.123
2	2	0.032	0.075	0.893
0	0	0.961	0.034	0.005
0	1	0.364	0.486	0.149
0	1	0.194	0.797	0.009
0	0	0.719	0.223	0.059
1	2	0.041	0.421	0.538
0	0	0.545	0.391	0.064
0	1	0.48	0.489	0.031
0	0	0.616	0.223	0.161
1	0	0.673	0.062	0.265
2	1	0.019	0.859	0.121
0	0	0.733	0.223	0.044
0	1	0.286	0.563	0.151
1	1	0.09	0.624	0.286
0	0	0.518	0.425	0.057
1	1	0.025	0.914	0.061
0	0	0.934	0.04	0.026
1	0	0.869	0.114	0.016
0	0	0.796	0.09	0.114
0	2	0	0.01	0.99
0	0	0.651	0.292	0.057
0	0	0.398	0.257	0.345
0	0	0.492	0.409	0.099
0	0	0.56	0.379	0.061
0	0	0.802	0.158	0.04
0	1	0.169	0.665	0.166
0	0	0.915	0.059	0.027
0	0	0.94	0.048	0.013
0	0	0.566	0.364	0.07
0	0	0.64	0.301	0.059
0	0	0.624	0.047	0.329
0	0	0.872	0.087	0.041
0	1	0.169	0.641	0.19
2	0	0.534	0.423	0.043
0	1	0.237	0.724	0.039
1	1	0.057	0.562	0.381
2	1	0.252	0.459	0.289
2	2	0.034	0.12	0.846
0	0	0.942	0.051	0.008
0	0	0.723	0.255	0.022
0	1	0.082	0.868	0.051
0	0	0.935	0.045	0.02
0	1	0.403	0.512	0.086
0	0	0.983	0.012	0.005
0	1	0.041	0.626	0.334
0	0	0.616	0.312	0.073
0	0	0.757	0.198	0.045
0	0	0.838	0.125	0.036
0	0	0.429	0.303	0.268
0	0	0.475	0.467	0.058
0	1	0.322	0.625	0.054
0	1	0.174	0.423	0.403
0	0	0.589	0.3	0.111
2	2	0.174	0.18	0.646
0	0	0.847	0.096	0.057
0	0	0.504	0.378	0.118
0	0	0.763	0.095	0.142
0	0	0.844	0.06	0.096
0	1	0.297	0.629	0.074
0	1	0.41	0.443	0.146
0	1	0.038	0.912	0.05
0	0	0.922	0.046	0.031
0	0	0.884	0.072	0.044
0	0	0.994	0.004	0.002
0	0	0.995	0.003	0.002
0	0	0.98	0.012	0.008
0	0	0.996	0.002	0.002
1	0	0.991	0.004	0.005
2	0	0.857	0.106	0.037
1	1	0.347	0.453	0.2
1	0	0.494	0.436	0.07
0	0	0.94	0.052	0.008
0	1	0.001	0.994	0.004
0	0	0.905	0.082	0.013
0	1	0.059	0.878	0.063
0	0	0.55	0.424	0.026
0	0	0.989	0.009	0.002
0	0	0.794	0.172	0.033
1	0	0.752	0.158	0.089
2	0	0.908	0.054	0.038
1	0	0.707	0.204	0.09
0	0	0.967	0.022	0.01
2	0	0.918	0.064	0.018
0	0	0.557	0.399	0.044
1	1	0.345	0.409	0.246
2	1	0.049	0.856	0.095
1	0	0.479	0.111	0.41
1	0	0.841	0.133	0.027
2	1	0.467	0.477	0.057
1	1	0.061	0.693	0.245
0	1	0.036	0.916	0.048
0	0	0.935	0.031	0.034
2	0	0.766	0.118	0.116
0	1	0.286	0.672	0.042
0	0	0.743	0.18	0.077
2	2	0.189	0.199	0.611
0	0	0.866	0.125	0.008
0	1	0.428	0.546	0.025
0	1	0.293	0.568	0.139
0	0	0.773	0.175	0.053
0	0	0.49	0.444	0.066
0	0	0.99	0.006	0.004
0	0	0.973	0.013	0.015
0	0	0.932	0.06	0.008
0	0	0.918	0.064	0.019
0	0	0.531	0.42	0.049
0	0	0.842	0.081	0.077
0	0	0.976	0.016	0.008
1	1	0.375	0.499	0.126
0	0	0.384	0.35	0.267
0	1	0.122	0.793	0.085
0	0	0.901	0.07	0.03
0	0	0.663	0.207	0.13
1	1	0.038	0.692	0.27
0	0	0.793	0.176	0.031
1	1	0.012	0.879	0.109
0	0	0.807	0.147	0.046
0	0	0.877	0.111	0.012
1	1	0.117	0.492	0.39
0	0	0.873	0.117	0.01
0	1	0.199	0.779	0.022
0	0	0.886	0.093	0.021
0	0	0.698	0.279	0.023
0	1	0.307	0.498	0.195
0	0	0.778	0.071	0.151
0	1	0.081	0.776	0.144
0	0	0.91	0.053	0.037
0	0	0.497	0.367	0.136
1	1	0.285	0.443	0.272
0	0	0.881	0.086	0.034
0	1	0.094	0.624	0.283
0	0	0.973	0.017	0.01
0	0	0.847	0.103	0.05
0	0	0.897	0.037	0.066
0	0	0.831	0.125	0.044
0	1	0.097	0.778	0.125
0	0	0.817	0.083	0.099
0	1	0.14	0.797	0.063
0	0	0.404	0.363	0.233
0	2	0.241	0.062	0.697
0	1	0.397	0.508	0.095
0	2	0.405	0.104	0.491
0	1	0.316	0.385	0.299
0	1	0.302	0.459	0.24
1	1	0.381	0.383	0.236
2	1	0.035	0.811	0.154
0	0	0.8	0.159	0.041
1	0	0.841	0.099	0.061
0	1	0.047	0.652	0.301
0	0	0.965	0.027	0.009
0	0	0.572	0.389	0.039
0	0	0.921	0.063	0.016
0	1	0.122	0.846	0.032
1	1	0.015	0.53	0.455
0	0	0.85	0.131	0.019
0	1	0.308	0.577	0.115
0	0	0.865	0.116	0.018
0	1	0.157	0.751	0.092
0	1	0.076	0.893	0.032
0	1	0.021	0.893	0.087
0	1	0.104	0.847	0.049
0	0	0.998	0.001	0.001
0	1	0.115	0.783	0.102
1	1	0.067	0.829	0.104
0	1	0.063	0.922	0.015
0	1	0.312	0.646	0.042
0	1	0.26	0.512	0.228
0	1	0.362	0.384	0.254
0	0	0.514	0.44	0.046
0	0	0.572	0.322	0.107
0	1	0.298	0.685	0.017
0	0	0.863	0.117	0.02
0	1	0.457	0.478	0.066
0	1	0.063	0.78	0.157
0	0	0.886	0.086	0.028
1	1	0.459	0.501	0.04
0	0	0.898	0.064	0.038
0	1	0.225	0.757	0.019
0	0	0.902	0.079	0.019
0	0	0.898	0.061	0.04
0	0	0.63	0.283	0.087
0	0	0.92	0.055	0.025
0	0	0.843	0.13	0.027
0	0	0.735	0.241	0.024
2	2	0.18	0.17	0.65
1	1	0.37	0.617	0.013
0	0	0.832	0.074	0.094
0	1	0.264	0.421	0.315
0	0	0.696	0.239	0.065
0	0	0.964	0.016	0.021
0	1	0.225	0.576	0.199
0	0	0.878	0.09	0.032
0	0	0.462	0.422	0.116
1	0	0.846	0.115	0.04
0	0	0.684	0.26	0.056
0	0	0.928	0.046	0.027
0	1	0.246	0.598	0.156
1	0	0.687	0.257	0.057
0	1	0.128	0.852	0.02
0	2	0.18	0.326	0.494
1	1	0.021	0.516	0.463
0	0	0.836	0.139	0.025
1	1	0.096	0.743	0.162
0	0	0.973	0.025	0.002
0	0	0.865	0.117	0.018
0	0	0.505	0.441	0.054
0	0	0.946	0.043	0.011
0	0	0.805	0.182	0.014
0	0	0.459	0.389	0.152
0	1	0.384	0.604	0.012
1	1	0.155	0.798	0.046
0	0	0.949	0.037	0.014
0	1	0.472	0.488	0.041
0	0	0.618	0.183	0.199
0	0	0.364	0.334	0.302
0	1	0.106	0.74	0.154
0	2	0.107	0.346	0.546
0	0	0.664	0.288	0.048
0	0	0.802	0.156	0.042
0	1	0.277	0.592	0.131
0	0	0.764	0.204	0.032
0	0	0.954	0.042	0.004
0	1	0.325	0.617	0.059
0	1	0.171	0.716	0.113
0	0	0.53	0.446	0.024
0	1	0.304	0.654	0.042
0	0	0.773	0.202	0.026
0	1	0.175	0.782	0.043
0	0	0.463	0.436	0.101
0	0	0.719	0.242	0.04
0	0	0.822	0.136	0.043
0	0	0.915	0.047	0.037
1	1	0.389	0.56	0.051
0	0	0.783	0.181	0.036
0	0	0.932	0.057	0.011
1	0	0.737	0.237	0.026
0	0	0.787	0.187	0.026
0	0	0.674	0.288	0.038
0	0	0.643	0.148	0.209
0	0	0.639	0.278	0.083
0	1	0.396	0.551	0.054
0	0	0.867	0.078	0.055
0	1	0.077	0.872	0.05
0	0	0.797	0.177	0.027
0	0	0.517	0.409	0.074
0	0	0.599	0.287	0.113
0	0	0.4	0.358	0.242
0	0	0.528	0.419	0.054
1	0	0.458	0.456	0.086
2	2	0.003	0.008	0.989
2	0	0.491	0.274	0.235
0	0	0.89	0.067	0.044
2	1	0.461	0.48	0.058
0	0	0.814	0.135	0.051
0	2	0.257	0.259	0.485
0	1	0.328	0.606	0.066
0	0	0.877	0.106	0.017
0	1	0.1	0.777	0.124
0	0	0.988	0.012	0
0	0	0.618	0.365	0.017
0	0	0.54	0.437	0.023
0	0	0.979	0.02	0.001
0	0	0.981	0.018	0.001
0	1	0.269	0.601	0.129
0	0	0.493	0.277	0.23
1	1	0.147	0.446	0.407
0	0	0.93	0.036	0.035
0	0	0.473	0.429	0.098
0	1	0.263	0.686	0.051
0	1	0.417	0.541	0.042
0	1	0.076	0.902	0.022
0	0	0.495	0.461	0.044
0	0	0.711	0.211	0.078
0	0	0.923	0.056	0.021
0	0	0.968	0.029	0.004
0	0	0.776	0.194	0.031
0	0	0.996	0.003	0.001
1	1	0.017	0.948	0.036
0	1	0.097	0.786	0.117
1	1	0.118	0.805	0.077
0	1	0.216	0.712	0.072
0	0	0.978	0.019	0.003
0	2	0.007	0.007	0.987
0	0	0.819	0.122	0.059
0	1	0.078	0.891	0.031
1	0	0.61	0.303	0.087
0	0	0.948	0.006	0.047
0	0	0.734	0.126	0.14
0	0	0.954	0.041	0.004
0	0	0.957	0.036	0.007
0	0	0.917	0.07	0.013
0	0	0.954	0.038	0.007
0	0	0.924	0.07	0.006
1	1	0.385	0.529	0.086
2	1	0.337	0.608	0.055
2	2	0.113	0.266	0.62
0	1	0.361	0.573	0.066
2	1	0.353	0.608	0.039
0	0	0.484	0.433	0.083
0	1	0.27	0.611	0.119
1	1	0.295	0.612	0.093
0	0	0.994	0.004	0.002
1	0	0.699	0.25	0.051
