0	0	0.962	0.036	0.001
0	0	0.827	0.124	0.049
2	0	0.541	0.247	0.213
2	1	0.253	0.466	0.281
1	2	0.365	0.047	0.588
0	0	0.778	0.216	0.006
0	0	0.829	0.116	0.054
0	0	0.439	0.391	0.169
0	0	0.941	0.053	0.006
0	0	0.961	0.035	0.005
0	0	0.906	0.089	0.005
0	0	0.959	0.037	0.004
0	0	0.521	0.267	0.211
0	0	0.859	0.13	0.011
0	0	0.76	0.212	0.028
0	0	0.616	0.35	0.034
0	1	0.17	0.655	0.176
0	0	0.936	0.063	0.001
0	0	0.531	0.419	0.05
1	0	0.83	0.072	0.099
1	0	0.51	0.435	0.054
0	1	0.179	0.651	0.17
1	0	0.554	0.237	0.208
0	0	0.798	0.192	0.01
0	0	0.86	0.092	0.049
0	0	0.939	0.059	0.002
0	2	0.336	0.319	0.344
1	0	0.784	0.153	0.063
0	0	0.696	0.28	0.024
0	0	0.888	0.1	0.012
0	0	0.799	0.192	0.01
0	0	0.596	0.358	0.046
1	2	0.084	0.146	0.77
0	0	0.81	0.181	0.008
0	0	0.827	0.166	0.007
2	1	0.46	0.509	0.03
2	0	0.635	0.306	0.059
2	0	0.938	0.058	0.004
0	0	0.887	0.103	0.01
0	0	0.943	0.053	0.004
2	0	0.81	0.162	0.028
1	0	0.483	0.264	0.253
1	0	0.94	0.051	0.009
0	0	0.947	0.051	0.002
0	0	0.88	0.106	0.015
1	1	0.256	0.49	0.254
0	0	0.908	0.071	0.021
0	0	0.797	0.136	0.067
0	0	0.799	0.167	0.035
0	0	0.888	0.104	0.008
0	1	0.284	0.479	0.237
0	0	0.875	0.116	0.009
0	0	0.927	0.07	0.003
0	0	0.804	0.175	0.021
0	0	0.875	0.116	0.009
0	0	0.768	0.188	0.045
0	0	0.77	0.169	0.061
0	0	0.931	0.066	0.003
0	0	0.826	0.158	0.016
0	0	0.893	0.083	0.025
0	0	0.956	0.028	0.017
0	0	0.861	0.102	0.037
0	0	0.817	0.136	0.047
0	0	0.821	0.161	0.018
0	0	0.727	0.232	0.041
0	0	0.767	0.21	0.023
0	0	0.936	0.062	0.002
2	2	0.127	0.275	0.598
0	0	0.831	0.156	0.013
0	0	0.896	0.099	0.005
0	0	0.815	0.168	0.018
0	0	0.702	0.251	0.047
1	2	0.241	0.227	0.532
0	0	0.632	0.206	0.162
0	0	0.93	0.06	0.01
0	0	0.883	0.08	0.037
1	0	0.834	0.147	0.018
2	1	0.103	0.629	0.268
0	0	0.859	0.119	0.022
0	0	0.623	0.319	0.058
1	2	0.389	0.222	0.389
0	0	0.953	0.044	0.003
1	0	0.51	0.339	0.151
0	0	0.843	0.13	0.027
1	0	0.942	0.052	0.006
0	0	0.829	0.162	0.008
0	2	0.012	0.111	0.876
0	0	0.971	0.026	0.003
0	0	0.765	0.155	0.08
0	0	0.778	0.188	0.034
0	0	0.893	0.075	0.033
0	0	0.857	0.129	0.014
0	0	0.773	0.154	0.073
0	0	0.861	0.126	0.014
0	0	0.91	0.08	0.01
0	0	0.881	0.109	0.009
0	0	0.912	0.078	0.01
0	0	0.902	0.06	0.038
0	0	0.865	0.125	0.01
0	0	0.84	0.147	0.013
2	0	0.876	0.117	0.007
0	0	0.777	0.198	0.024
1	2	0.109	0.382	0.509
2	0	0.746	0.222	0.032
2	1	0.028	0.619	0.353
0	0	0.837	0.14	0.022
0	0	0.832	0.156	0.013
0	0	0.88	0.105	0.015
0	0	0.858	0.073	0.069
0	0	0.709	0.265	0.026
0	0	0.946	0.031	0.024
0	0	0.696	0.201	0.103
0	0	0.884	0.109	0.007
0	0	0.855	0.134	0.01
0	0	0.906	0.089	0.005
0	0	0.9	0.024	0.076
0	0	0.594	0.252	0.154
0	0	0.829	0.128	0.043
0	0	0.671	0.244	0.086
0	0	0.828	0.148	0.024
2	2	0.22	0.335	0.445
0	0	0.949	0.045	0.006
0	0	0.903	0.094	0.003
0	0	0.914	0.078	0.007
0	0	0.94	0.058	0.002
0	0	0.903	0.082	0.016
0	0	0.945	0.05	0.005
0	0	0.834	0.134	0.031
0	0	0.845	0.125	0.03
0	0	0.905	0.089	0.006
0	0	0.937	0.059	0.004
0	0	0.963	0.036	0.001
0	0	0.971	0.028	0.001
0	0	0.907	0.085	0.008
1	0	0.842	0.139	0.019
2	0	0.925	0.069	0.005
1	0	0.914	0.075	0.012
1	0	0.639	0.301	0.06
0	0	0.782	0.163	0.055
0	0	0.947	0.052	0.001
0	0	0.76	0.171	0.069
0	0	0.87	0.122	0.008
0	0	0.914	0.083	0.003
0	0	0.917	0.075	0.008
0	0	0.925	0.06	0.015
1	0	0.674	0.31	0.016
2	0	0.865	0.131	0.003
1	0	0.965	0.035	0
0	0	0.862	0.134	0.003
2	0	0.755	0.235	0.01
0	0	0.883	0.114	0.003
1	0	0.877	0.087	0.036
2	0	0.754	0.239	0.007
1	0	0.8	0.193	0.007
1	0	0.825	0.17	0.005
2	0	0.897	0.094	0.008
1	0	0.821	0.126	0.053
0	1	0.396	0.514	0.091
0	0	0.924	0.072	0.005
2	0	0.899	0.093	0.008
0	0	0.772	0.096	0.132
0	0	0.607	0.276	0.117
2	0	0.632	0.262	0.105
0	0	0.796	0.189	0.015
0	0	0.745	0.235	0.02
0	0	0.601	0.342	0.057
0	0	0.894	0.098	0.007
0	0	0.801	0.176	0.023
0	0	0.902	0.092	0.006
0	0	0.895	0.098	0.007
0	0	0.913	0.073	0.014
0	0	0.917	0.078	0.005
0	0	0.966	0.031	0.003
0	0	0.713	0.217	0.07
0	0	0.949	0.047	0.004
1	0	0.778	0.2	0.022
0	0	0.488	0.398	0.114
0	0	0.479	0.423	0.098
0	0	0.814	0.17	0.016
0	0	0.838	0.149	0.013
1	0	0.866	0.081	0.053
0	0	0.978	0.02	0.001
1	0	0.758	0.199	0.043
0	0	0.662	0.206	0.132
0	0	0.989	0.011	0
1	0	0.653	0.183	0.164
0	0	0.932	0.065	0.002
0	0	0.564	0.409	0.027
0	0	0.898	0.087	0.015
0	0	0.854	0.134	0.012
0	0	0.737	0.233	0.03
0	0	0.91	0.046	0.045
0	0	0.84	0.119	0.041
0	0	0.834	0.153	0.013
0	0	0.804	0.146	0.05
1	0	0.845	0.144	0.012
0	0	0.936	0.061	0.002
0	0	0.902	0.074	0.024
0	0	0.872	0.12	0.008
0	0	0.895	0.098	0.007
0	0	0.872	0.121	0.007
0	0	0.886	0.103	0.011
0	0	0.86	0.098	0.043
0	0	0.704	0.257	0.039
0	0	0.747	0.224	0.03
0	0	0.752	0.13	0.118
0	0	0.904	0.093	0.003
0	0	0.874	0.101	0.026
0	0	0.731	0.247	0.022
0	0	0.643	0.321	0.036
0	0	0.925	0.071	0.004
1	0	0.783	0.159	0.058
2	1	0.322	0.565	0.112
0	0	0.904	0.078	0.018
1	0	0.861	0.128	0.011
0	0	0.612	0.25	0.138
0	0	0.941	0.052	0.007
0	0	0.915	0.076	0.009
0	0	0.849	0.139	0.012
0	0	0.795	0.191	0.014
1	0	0.601	0.297	0.102
0	0	0.866	0.126	0.008
0	0	0.877	0.106	0.017
0	0	0.781	0.184	0.035
0	0	0.807	0.166	0.027
0	0	0.741	0.243	0.016
0	0	0.52	0.398	0.082
0	0	0.886	0.094	0.02
0	0	0.606	0.33	0.064
0	0	0.863	0.1	0.037
1	0	0.678	0.243	0.079
0	0	0.803	0.188	0.01
0	0	0.898	0.099	0.003
0	0	0.798	0.143	0.059
0	0	0.911	0.077	0.012
0	0	0.899	0.096	0.005
0	0	0.932	0.056	0.011
0	0	0.809	0.168	0.023
0	0	0.79	0.192	0.018
0	0	0.795	0.188	0.017
0	0	0.707	0.271	0.022
0	0	0.965	0.027	0.008
1	0	0.763	0.209	0.028
0	0	0.789	0.188	0.023
0	0	0.772	0.201	0.026
0	0	0.778	0.199	0.022
0	0	0.903	0.092	0.005
0	0	0.972	0.025	0.003
0	0	0.781	0.197	0.022
0	0	0.832	0.155	0.013
0	0	0.906	0.088	0.005
2	1	0.097	0.512	0.391
1	0	0.819	0.163	0.018
0	0	0.717	0.243	0.04
0	0	0.815	0.135	0.05
0	0	0.866	0.122	0.012
0	0	0.981	0.015	0.005
0	0	0.809	0.125	0.067
0	0	0.702	0.273	0.025
0	0	0.718	0.23	0.053
1	0	0.949	0.049	0.002
0	0	0.895	0.093	0.013
0	0	0.953	0.045	0.002
0	0	0.851	0.132	0.018
1	0	0.84	0.124	0.036
0	0	0.883	0.1	0.017
0	0	0.564	0.233	0.203
1	0	0.582	0.272	0.146
0	0	0.863	0.127	0.011
1	0	0.677	0.236	0.087
0	0	0.932	0.065	0.003
0	0	0.954	0.038	0.007
0	0	0.985	0.013	0.003
0	0	0.81	0.173	0.017
0	0	0.809	0.174	0.017
0	0	0.882	0.075	0.043
0	0	0.825	0.168	0.007
1	0	0.663	0.28	0.056
0	0	0.888	0.103	0.008
0	0	0.911	0.086	0.003
0	0	0.845	0.139	0.016
0	0	0.795	0.179	0.026
0	1	0.158	0.758	0.084
0	0	0.922	0.068	0.011
0	0	0.783	0.189	0.029
0	0	0.875	0.117	0.008
0	0	0.741	0.229	0.031
0	0	0.878	0.117	0.006
0	0	0.872	0.119	0.008
0	0	0.795	0.17	0.035
0	0	0.643	0.309	0.047
0	0	0.922	0.065	0.014
0	0	0.805	0.179	0.016
0	0	0.829	0.158	0.013
0	0	0.718	0.251	0.031
0	0	0.94	0.054	0.007
0	0	0.954	0.042	0.004
0	0	0.944	0.054	0.001
0	0	0.856	0.137	0.008
1	0	0.881	0.096	0.023
0	0	0.869	0.123	0.009
0	0	0.932	0.066	0.002
1	0	0.929	0.068	0.002
0	0	0.844	0.144	0.012
0	0	0.868	0.123	0.009
0	0	0.903	0.092	0.004
0	0	0.934	0.063	0.003
0	0	0.887	0.065	0.048
0	0	0.867	0.101	0.032
0	0	0.748	0.18	0.072
0	0	0.847	0.146	0.007
0	0	0.851	0.11	0.039
0	0	0.988	0.008	0.005
0	0	0.803	0.166	0.031
0	0	0.921	0.065	0.014
1	0	0.699	0.24	0.061
2	2	0.004	0.163	0.833
2	0	0.749	0.207	0.043
0	0	0.828	0.151	0.021
2	0	0.81	0.167	0.023
0	0	0.837	0.154	0.009
0	0	0.512	0.164	0.323
0	0	0.866	0.09	0.044
0	0	0.824	0.165	0.01
0	0	0.609	0.342	0.049
0	0	0.89	0.103	0.007
0	0	0.887	0.105	0.008
0	0	0.585	0.377	0.038
0	0	0.852	0.135	0.012
0	0	0.92	0.076	0.004
0	0	0.773	0.209	0.018
0	0	0.876	0.07	0.054
1	0	0.692	0.17	0.138
0	0	0.859	0.115	0.026
0	0	0.903	0.07	0.027
0	1	0.443	0.507	0.05
0	0	0.725	0.272	0.003
0	0	0.504	0.489	0.007
0	0	0.544	0.426	0.03
0	0	0.784	0.194	0.022
0	0	0.92	0.064	0.016
0	0	0.928	0.07	0.001
0	0	0.981	0.019	0
0	0	0.915	0.066	0.019
1	0	0.818	0.16	0.022
0	0	0.803	0.159	0.038
1	0	0.925	0.063	0.011
0	0	0.937	0.056	0.008
0	0	0.905	0.089	0.006
0	2	0.004	0.093	0.903
0	0	0.933	0.064	0.002
0	0	0.568	0.374	0.058
1	0	0.938	0.053	0.009
0	0	0.869	0.124	0.007
0	0	0.856	0.136	0.008
0	0	0.896	0.099	0.005
0	0	0.836	0.124	0.04
0	0	0.952	0.046	0.002
0	0	0.851	0.139	0.01
0	0	0.88	0.112	0.008
1	0	0.777	0.211	0.013
2	0	0.971	0.028	0.001
2	0	0.666	0.098	0.236
0	1	0.136	0.806	0.057
2	0	0.878	0.118	0.004
0	0	0.769	0.211	0.02
0	0	0.836	0.135	0.029
1	0	0.892	0.087	0.021
0	0	0.837	0.151	0.012
1	0	0.957	0.027	0.016
