0	0	0.827	0.124	0.049
2	0	0.541	0.247	0.213
1	2	0.365	0.047	0.588
0	0	0.778	0.216	0.006
0	0	0.829	0.116	0.054
0	0	0.439	0.391	0.169
0	0	0.941	0.053	0.006
0	0	0.961	0.035	0.005
0	0	0.959	0.037	0.004
0	0	0.521	0.267	0.211
1	0	0.83	0.072	0.099
1	0	0.554	0.237	0.208
0	0	0.86	0.092	0.049
0	0	0.939	0.059	0.002
0	2	0.336	0.319	0.344
1	0	0.784	0.153	0.063
0	0	0.888	0.1	0.012
1	2	0.084	0.146	0.77
2	1	0.46	0.509	0.03
2	0	0.635	0.306	0.059
2	0	0.938	0.058	0.004
0	0	0.943	0.053	0.004
1	0	0.483	0.264	0.253
1	0	0.94	0.051	0.009
0	0	0.88	0.106	0.015
0	0	0.908	0.071	0.021
0	0	0.797	0.136	0.067
0	0	0.799	0.167	0.035
0	0	0.768	0.188	0.045
0	0	0.77	0.169	0.061
0	0	0.893	0.083	0.025
0	0	0.956	0.028	0.017
0	0	0.861	0.102	0.037
0	0	0.817	0.136	0.047
2	2	0.127	0.275	0.598
1	2	0.241	0.227	0.532
0	0	0.632	0.206	0.162
0	0	0.93	0.06	0.01
0	0	0.883	0.08	0.037
1	0	0.834	0.147	0.018
2	1	0.103	0.629	0.268
0	0	0.859	0.119	0.022
0	0	0.623	0.319	0.058
1	2	0.389	0.222	0.389
0	0	0.953	0.044	0.003
1	0	0.51	0.339	0.151
0	0	0.843	0.13	0.027
1	0	0.942	0.052	0.006
0	2	0.012	0.111	0.876
0	0	0.971	0.026	0.003
0	0	0.765	0.155	0.08
0	0	0.778	0.188	0.034
0	0	0.893	0.075	0.033
0	0	0.773	0.154	0.073
0	0	0.861	0.126	0.014
0	0	0.91	0.08	0.01
0	0	0.881	0.109	0.009
0	0	0.912	0.078	0.01
0	0	0.902	0.06	0.038
0	0	0.777	0.198	0.024
1	2	0.109	0.382	0.509
2	1	0.028	0.619	0.353
0	0	0.837	0.14	0.022
0	0	0.832	0.156	0.013
0	0	0.88	0.105	0.015
0	0	0.858	0.073	0.069
0	0	0.709	0.265	0.026
0	0	0.946	0.031	0.024
0	0	0.696	0.201	0.103
0	0	0.9	0.024	0.076
0	0	0.594	0.252	0.154
0	0	0.829	0.128	0.043
0	0	0.671	0.244	0.086
0	0	0.828	0.148	0.024
2	2	0.22	0.335	0.445
0	0	0.949	0.045	0.006
0	0	0.903	0.094	0.003
0	0	0.914	0.078	0.007
0	0	0.903	0.082	0.016
0	0	0.945	0.05	0.005
0	0	0.834	0.134	0.031
0	0	0.845	0.125	0.03
1	0	0.914	0.075	0.012
1	0	0.639	0.301	0.06
0	0	0.782	0.163	0.055
0	0	0.947	0.052	0.001
0	0	0.76	0.171	0.069
0	0	0.87	0.122	0.008
0	0	0.914	0.083	0.003
0	0	0.917	0.075	0.008
0	0	0.925	0.06	0.015
1	0	0.877	0.087	0.036
2	0	0.754	0.239	0.007
1	0	0.821	0.126	0.053
0	1	0.396	0.514	0.091
0	0	0.772	0.096	0.132
0	0	0.607	0.276	0.117
2	0	0.632	0.262	0.105
0	0	0.745	0.235	0.02
0	0	0.601	0.342	0.057
0	0	0.913	0.073	0.014
0	0	0.966	0.031	0.003
0	0	0.713	0.217	0.07
0	0	0.949	0.047	0.004
0	0	0.488	0.398	0.114
1	0	0.866	0.081	0.053
0	0	0.978	0.02	0.001
1	0	0.758	0.199	0.043
0	0	0.662	0.206	0.132
1	0	0.653	0.183	0.164
0	0	0.932	0.065	0.002
0	0	0.564	0.409	0.027
0	0	0.898	0.087	0.015
0	0	0.91	0.046	0.045
0	0	0.84	0.119	0.041
0	0	0.804	0.146	0.05
0	0	0.902	0.074	0.024
0	0	0.895	0.098	0.007
0	0	0.872	0.121	0.007
0	0	0.886	0.103	0.011
0	0	0.86	0.098	0.043
0	0	0.752	0.13	0.118
0	0	0.874	0.101	0.026
1	0	0.783	0.159	0.058
2	1	0.322	0.565	0.112
0	0	0.904	0.078	0.018
0	0	0.612	0.25	0.138
0	0	0.941	0.052	0.007
0	0	0.915	0.076	0.009
0	0	0.795	0.191	0.014
1	0	0.601	0.297	0.102
0	0	0.866	0.126	0.008
0	0	0.877	0.106	0.017
0	0	0.741	0.243	0.016
0	0	0.52	0.398	0.082
0	0	0.886	0.094	0.02
0	0	0.606	0.33	0.064
0	0	0.863	0.1	0.037
1	0	0.678	0.243	0.079
0	0	0.803	0.188	0.01
0	0	0.898	0.099	0.003
0	0	0.798	0.143	0.059
0	0	0.911	0.077	0.012
0	0	0.899	0.096	0.005
0	0	0.932	0.056	0.011
0	0	0.809	0.168	0.023
0	0	0.707	0.271	0.022
0	0	0.965	0.027	0.008
0	0	0.972	0.025	0.003
0	0	0.815	0.135	0.05
0	0	0.866	0.122	0.012
0	0	0.981	0.015	0.005
0	0	0.809	0.125	0.067
0	0	0.718	0.23	0.053
0	0	0.895	0.093	0.013
1	0	0.84	0.124	0.036
0	0	0.883	0.1	0.017
0	0	0.564	0.233	0.203
1	0	0.582	0.272	0.146
1	0	0.677	0.236	0.087
0	0	0.932	0.065	0.003
0	0	0.954	0.038	0.007
0	0	0.985	0.013	0.003
0	0	0.882	0.075	0.043
0	0	0.825	0.168	0.007
1	0	0.663	0.28	0.056
0	0	0.888	0.103	0.008
0	0	0.911	0.086	0.003
0	1	0.158	0.758	0.084
0	0	0.922	0.068	0.011
0	0	0.741	0.229	0.031
0	0	0.878	0.117	0.006
0	0	0.872	0.119	0.008
0	0	0.795	0.17	0.035
0	0	0.922	0.065	0.014
0	0	0.94	0.054	0.007
0	0	0.954	0.042	0.004
1	0	0.881	0.096	0.023
0	0	0.934	0.063	0.003
0	0	0.887	0.065	0.048
0	0	0.867	0.101	0.032
0	0	0.748	0.18	0.072
0	0	0.847	0.146	0.007
0	0	0.851	0.11	0.039
0	0	0.988	0.008	0.005
0	0	0.803	0.166	0.031
0	0	0.921	0.065	0.014
2	0	0.81	0.167	0.023
0	0	0.512	0.164	0.323
0	0	0.866	0.09	0.044
0	0	0.609	0.342	0.049
0	0	0.585	0.377	0.038
0	0	0.876	0.07	0.054
1	0	0.692	0.17	0.138
0	0	0.859	0.115	0.026
0	0	0.903	0.07	0.027
0	1	0.443	0.507	0.05
0	0	0.725	0.272	0.003
0	0	0.504	0.489	0.007
0	0	0.544	0.426	0.03
0	0	0.92	0.064	0.016
0	0	0.928	0.07	0.001
0	0	0.981	0.019	0
0	0	0.915	0.066	0.019
1	0	0.818	0.16	0.022
0	0	0.803	0.159	0.038
1	0	0.925	0.063	0.011
0	0	0.937	0.056	0.008
0	2	0.004	0.093	0.903
0	0	0.568	0.374	0.058
1	0	0.938	0.053	0.009
0	0	0.836	0.124	0.04
0	0	0.952	0.046	0.002
0	0	0.88	0.112	0.008
2	0	0.971	0.028	0.001
2	0	0.666	0.098	0.236
0	1	0.136	0.806	0.057
2	0	0.878	0.118	0.004
0	0	0.836	0.135	0.029
1	0	0.892	0.087	0.021
1	0	0.957	0.027	0.016
